Index Name,Name,Given Name,Birth,Death,Occupation,birthplace,deathplace,Sex Label,Wikidata ID,VIAF ID,Project ID,DataSource,"Pseudonym, Kryptonym",Addition to Name,Numeration,True Name,Other Name Forms,Numeration (arabic),sztorc
Abramowski Edward,Abramowski,Edward,1868-08-17T00:00:00Z,1918-06-21T00:00:00Z,https://www.wikidata.org/wiki/Q12961474|https://www.wikidata.org/wiki/Q212980|https://www.wikidata.org/wiki/Q4964182|https://www.wikidata.org/wiki/Q2306091|https://www.wikidata.org/wiki/Q1622272,https://www.wikidata.org/wiki/Q11825794,https://www.wikidata.org/wiki/Q270,https://www.wikidata.org/wiki/Q8441,https://www.wikidata.org/wiki/Q552669,http://viaf.org/viaf/41864104,1,PL_BN_books,,,,,,,False
Fuchs Jürgen,Fuchs,Jürgen,1950-12-19T00:00:00Z,1999-05-09T00:00:00Z,https://www.wikidata.org/wiki/Q36180,https://www.wikidata.org/wiki/Q46849,https://www.wikidata.org/wiki/Q64,https://www.wikidata.org/wiki/Q8441,https://www.wikidata.org/wiki/Q90750,http://viaf.org/viaf/111169948,10,PL_BN_books,,,,,,,False
Grott- Nowomiejska Helena,Grott- Nowomiejska,Helena,,,,,,,,http://viaf.org/viaf/311120792,100,PL_BN_books,,,,,,,False
Skarga Barbara,Skarga,Barbara,1919-10-25T00:00:00Z,2009-09-18T00:00:00Z❦2009-09-25T00:00:00Z,https://www.wikidata.org/wiki/Q4964182,https://www.wikidata.org/wiki/Q270,https://www.wikidata.org/wiki/Q82765,https://www.wikidata.org/wiki/Q467,https://www.wikidata.org/wiki/Q2507360,http://viaf.org/viaf/51731590,1000,PL_BN_books,Kraśniewska Wiktoria,,,,,,False
Skarski Wojciech,Skarski,Wojciech,,,,,,,,http://viaf.org/viaf/311120829,1001,PL_BN_books,,,,,,,False
Skolimowski Henryk,Skolimowski,Henryk,1930-05-04T00:00:00Z,2018-04-06T00:00:00Z,https://www.wikidata.org/wiki/Q3578589|https://www.wikidata.org/wiki/Q4964182,https://www.wikidata.org/wiki/Q270,https://www.wikidata.org/wiki/Q270,https://www.wikidata.org/wiki/Q8441,https://www.wikidata.org/wiki/Q3493601,http://viaf.org/viaf/69734099,1004,PL_BN_books,,,,,,,False
Skorusa Jan,Skorusa,Jan,1908-01-01T00:00:00Z,1988-01-01T00:00:00Z,https://www.wikidata.org/wiki/Q36180|https://www.wikidata.org/wiki/Q1028181,https://www.wikidata.org/wiki/Q31487,https://www.wikidata.org/wiki/Q7509516,https://www.wikidata.org/wiki/Q8441,https://www.wikidata.org/wiki/Q85863455,http://viaf.org/viaf/93050242,1005,PL_BN_books,Jan Skorusa,,,,,,False
Skórzyński Piotr,Skórzyński,Piotr,1952-01-11T00:00:00Z,2008-06-03T00:00:00Z,https://www.wikidata.org/wiki/Q1930187,https://www.wikidata.org/wiki/Q270,https://www.wikidata.org/wiki/Q270,https://www.wikidata.org/wiki/Q8441,https://www.wikidata.org/wiki/Q11818070,http://viaf.org/viaf/61436370,1006,PL_BN_books,,,,,,,False
Skrzetuski Mieczysław,Skrzetuski,Mieczysław,,,,,,,,http://viaf.org/viaf/303259312,1007,PL_BN_books,,,,,,,False
Skrzypek Stanisław,Skrzypek,Stanisław,1911-05-29T00:00:00Z,2007-09-24T00:00:00Z,https://www.wikidata.org/wiki/Q82955,,,https://www.wikidata.org/wiki/Q8441,https://www.wikidata.org/wiki/Q9343222,http://viaf.org/viaf/68512284,1008,PL_BN_books,,,,,,,False
Skvorecký Josef,Skvorecký,Josef,1924-09-27T00:00:00Z,2012-01-03T00:00:00Z,https://www.wikidata.org/wiki/Q4263842|https://www.wikidata.org/wiki/Q2085381|https://www.wikidata.org/wiki/Q876864|https://www.wikidata.org/wiki/Q49757|https://www.wikidata.org/wiki/Q12144794|https://www.wikidata.org/wiki/Q36180|https://www.wikidata.org/wiki/Q14467526|https://www.wikidata.org/wiki/Q333634,https://www.wikidata.org/wiki/Q591823,https://www.wikidata.org/wiki/Q172,https://www.wikidata.org/wiki/Q8441,https://www.wikidata.org/wiki/Q333741,http://viaf.org/viaf/83176668,1009,PL_BezCenzury_books;CZ_articles;PL_BezCenzury_articles;PL_BN_books,Josef Pepýt|Burke|Josef Vala|Errol|Vladimíra|Josef Benda|Vlastimila|Mary Novak|J.Š.|J. Mnata,,,,,,False
"Gruntorád, Jiří",Gruntorád,Jiří,1952-09-21T00:00:00Z,,https://www.wikidata.org/wiki/Q182436|https://www.wikidata.org/wiki/Q2085381|https://www.wikidata.org/wiki/Q36180|https://www.wikidata.org/wiki/Q82955,https://www.wikidata.org/wiki/Q1085,,https://www.wikidata.org/wiki/Q8441,https://www.wikidata.org/wiki/Q11727258,http://viaf.org/viaf/66596944,101,CZ_articles;PL_BN_books,,,,,,,False
Skwarczyński Adam,Skwarczyński,Adam,1886-12-03T00:00:00Z,1934-04-02T00:00:00Z,https://www.wikidata.org/wiki/Q82955,https://www.wikidata.org/wiki/Q4108795,https://www.wikidata.org/wiki/Q270,https://www.wikidata.org/wiki/Q8441,https://www.wikidata.org/wiki/Q8865069,http://viaf.org/viaf/43635745,1010,PL_BN_books,,,,,,,False
Skwarczyński Henryk,Skwarczyński,Henryk,1952-01-01T00:00:00Z,,https://www.wikidata.org/wiki/Q36180,https://www.wikidata.org/wiki/Q5441822,,https://www.wikidata.org/wiki/Q8441,https://www.wikidata.org/wiki/Q11709083,http://viaf.org/viaf/101990333,1011,PL_BN_books,Skwar Henryk,,,,,,False
Tarkowski Jacek,Tarkowski,Jacek,,,,,,,,http://viaf.org/viaf/101788509,101142,PL_BN_books,Ankwicz Michał,,,,,,False
Skwarnicki Marek,Skwarnicki,Marek,1930-04-30T00:00:00Z,2013-03-12T00:00:00Z,https://www.wikidata.org/wiki/Q1930187|https://www.wikidata.org/wiki/Q49757,https://www.wikidata.org/wiki/Q181376,https://www.wikidata.org/wiki/Q31487,https://www.wikidata.org/wiki/Q8441,https://www.wikidata.org/wiki/Q11768469,http://viaf.org/viaf/102380279,1012,PL_BN_books,,,,,,,False
Sławek Walery,Sławek,Walery,1879-11-02T00:00:00Z,1939-04-03T00:00:00Z,https://www.wikidata.org/wiki/Q82955|https://www.wikidata.org/wiki/Q4002659,https://www.wikidata.org/wiki/Q997335,https://www.wikidata.org/wiki/Q270,https://www.wikidata.org/wiki/Q8441,https://www.wikidata.org/wiki/Q2000880,http://viaf.org/viaf/25402864,1014,PL_BN_books,,,,,,,False
Sławoj- Składkowski Felicjan,Sławoj- Składkowski,Felicjan,1885-06-09T00:00:00Z,1962-08-31T00:00:00Z,https://www.wikidata.org/wiki/Q82955|https://www.wikidata.org/wiki/Q4002659,https://www.wikidata.org/wiki/Q990808,https://www.wikidata.org/wiki/Q84,https://www.wikidata.org/wiki/Q8441,https://www.wikidata.org/wiki/Q1403120,http://viaf.org/viaf/61673977,1015,PL_BN_books,,,,,,,False
Słoński Edward,Słoński,Edward,1872-10-23T00:00:00Z,1926-07-24T00:00:00Z,https://www.wikidata.org/wiki/Q49757,https://www.wikidata.org/wiki/Q19850497,https://www.wikidata.org/wiki/Q270,https://www.wikidata.org/wiki/Q8441,https://www.wikidata.org/wiki/Q9251241,http://viaf.org/viaf/18625954,1016,PL_BN_books,,,,,,,False
Słowakiewicz Andrzej,Słowakiewicz,Andrzej,,,,,,,,http://viaf.org/viaf/71805650,1017,PL_BN_books,,,,,,,False
Smektała Zdzisław,Smektała,Zdzisław,1951-02-12T00:00:00Z,2018-01-17T00:00:00Z,https://www.wikidata.org/wiki/Q33999|https://www.wikidata.org/wiki/Q1930187,https://www.wikidata.org/wiki/Q147929,https://www.wikidata.org/wiki/Q1799,https://www.wikidata.org/wiki/Q8441,https://www.wikidata.org/wiki/Q9389854,http://viaf.org/viaf/84487402,1018,PL_BN_books,,,,,,,False
Smith Hedrick,Smith,Hedrick,1933-07-09T00:00:00Z,,https://www.wikidata.org/wiki/Q1930187,https://www.wikidata.org/wiki/Q1011533,,https://www.wikidata.org/wiki/Q8441,https://www.wikidata.org/wiki/Q4424886,http://viaf.org/viaf/9853677,1019,PL_BN_books,,,,,,,False
Grupiński Rafał,Grupiński,Rafał,1952-09-26T00:00:00Z,,https://www.wikidata.org/wiki/Q82955|https://www.wikidata.org/wiki/Q182436,https://www.wikidata.org/wiki/Q52900,,https://www.wikidata.org/wiki/Q8441,https://www.wikidata.org/wiki/Q602861,http://viaf.org/viaf/64423836,102,PL_BN_books,,,,,,,False
Smolar Aleksander,Smolar,Aleksander,1940-12-10T00:00:00Z,,https://www.wikidata.org/wiki/Q82955|https://www.wikidata.org/wiki/Q6051619|https://www.wikidata.org/wiki/Q1238570,https://www.wikidata.org/wiki/Q761,,https://www.wikidata.org/wiki/Q8441,https://www.wikidata.org/wiki/Q1149198,http://viaf.org/viaf/49231840,1020,PL_BezCenzury_articles;PL_BN_books,,,,,,,False
Hornik Richard,Hornik,Richard,,,,,,,,http://viaf.org/viaf/162695462,102059,PL_BN_books,,,,,,,False
Voslenskij Michail Sergeevič,Voslenskij,Michail Sergeevič,1920-12-06T00:00:00Z,1997-02-08T00:00:00Z,https://www.wikidata.org/wiki/Q193391|https://www.wikidata.org/wiki/Q201788|https://www.wikidata.org/wiki/Q2306091,https://www.wikidata.org/wiki/Q33292,https://www.wikidata.org/wiki/Q586,https://www.wikidata.org/wiki/Q8441,https://www.wikidata.org/wiki/Q552723,http://viaf.org/viaf/39385244,1021,PL_BN_books,,,,,Woslenski Michaił|Wosleński Michał|Wosleński Michaił,,False
Smoleń Ludwik,Smoleń,Ludwik,,,,,,,,http://viaf.org/viaf/249572774,1022,PL_BN_books,,,,,,,False
Drozdowski Marek Marian,Drozdowski,Marek Marian,1932-02-01T00:00:00Z,,https://www.wikidata.org/wiki/Q201788,https://www.wikidata.org/wiki/Q324897,,https://www.wikidata.org/wiki/Q8441,https://www.wikidata.org/wiki/Q11769551,http://viaf.org/viaf/269700433,1023,PL_BN_books,,,,,,,False
Smoleński Paweł,Smoleński,Paweł,1959-07-07T00:00:00Z,,https://www.wikidata.org/wiki/Q1930187,https://www.wikidata.org/wiki/Q270,,https://www.wikidata.org/wiki/Q8441,https://www.wikidata.org/wiki/Q11814415,http://viaf.org/viaf/101739938,1024,PL_BN_books,,,,,,,False
Smolka Iwona,Smolka,Iwona,1944-01-01T00:00:00Z,,,,,https://www.wikidata.org/wiki/Q467,https://www.wikidata.org/wiki/Q11714601,http://viaf.org/viaf/71529497,1025,PL_BN_books,Inga|Jarota Maria,,,,,,False
Smolorz Michał,Smolorz,Michał,1955-05-07T00:00:00Z,2013-01-10T00:00:00Z,https://www.wikidata.org/wiki/Q1930187|https://www.wikidata.org/wiki/Q3282637|https://www.wikidata.org/wiki/Q2526255,https://www.wikidata.org/wiki/Q451391,https://www.wikidata.org/wiki/Q588,https://www.wikidata.org/wiki/Q8441,https://www.wikidata.org/wiki/Q11779228,http://viaf.org/viaf/166769609,1026,PL_BN_books,Szulecki Stefan,,,,,,False
Smrkovský Josef,Smrkovský,Josef,1911-02-26T00:00:00Z,1974-01-15T00:00:00Z,https://www.wikidata.org/wiki/Q82955,https://www.wikidata.org/wiki/Q1258920,https://www.wikidata.org/wiki/Q1085,https://www.wikidata.org/wiki/Q8441,https://www.wikidata.org/wiki/Q561468,http://viaf.org/viaf/54941291,1027,PL_BN_books,,,,,,,False
Snopek Kazimierz,Snopek,Kazimierz,,,,,,,,http://viaf.org/viaf/302619210,1028,PL_BN_books,,,,,,,False
Sobczak Janusz,Sobczak,Janusz,,,,,,,,http://viaf.org/viaf/61590782,1029,PL_BN_books,,,,,,,False
Gorbacz D.,Gorbacz,D.,1940-01-20T00:00:00Z,,https://www.wikidata.org/wiki/Q1930187,,,https://www.wikidata.org/wiki/Q8441,https://www.wikidata.org/wiki/Q9207648,http://viaf.org/viaf/76732259,1030,PL_BN_books,,,,,,,False
Sobieski Wacław,Sobieski,Wacław,1872-10-26T00:00:00Z,1935-04-03T00:00:00Z,https://www.wikidata.org/wiki/Q201788,https://www.wikidata.org/wiki/Q36036,https://www.wikidata.org/wiki/Q31487,https://www.wikidata.org/wiki/Q8441,https://www.wikidata.org/wiki/Q7958900,http://viaf.org/viaf/65171718,1032,PL_BN_books,,,,,,,False
Sobieszczański Marian,Sobieszczański,Marian,,,,,,,,http://viaf.org/viaf/302123943,1033,PL_BN_books,,,,,,,False
Sobolewski Marek,Sobolewski,Marek,1925-04-27T00:00:00Z❦1925-01-01T00:00:00Z,1983-05-07T00:00:00Z❦1983-01-01T00:00:00Z,https://www.wikidata.org/wiki/Q185351,https://www.wikidata.org/wiki/Q31487,https://www.wikidata.org/wiki/Q31487,https://www.wikidata.org/wiki/Q8441,https://www.wikidata.org/wiki/Q11768470,http://viaf.org/viaf/3274666,1034,PL_BN_books,,,,,,,False
Braun Andrzej,Braun,Andrzej,1923-08-19T00:00:00Z,2008-11-09T00:00:00Z,https://www.wikidata.org/wiki/Q49757|https://www.wikidata.org/wiki/Q12144794,https://www.wikidata.org/wiki/Q580,https://www.wikidata.org/wiki/Q270,https://www.wikidata.org/wiki/Q8441,https://www.wikidata.org/wiki/Q8860644,http://viaf.org/viaf/101715984,1035,PL_BN_books,,,,,,,False
Sobolewski Tadeusz,Sobolewski,Tadeusz,1947-10-31T00:00:00Z,,https://www.wikidata.org/wiki/Q6430706,https://www.wikidata.org/wiki/Q270,,https://www.wikidata.org/wiki/Q8441,https://www.wikidata.org/wiki/Q9354843,http://viaf.org/viaf/46936743,1036,PL_BN_books,,,,,,,False
Sokołowski Jerzy,Sokołowski,Jerzy,1910-10-12T00:00:00Z,1980-01-08T00:00:00Z,https://www.wikidata.org/wiki/Q2066131,,https://www.wikidata.org/wiki/Q270,https://www.wikidata.org/wiki/Q8441,https://www.wikidata.org/wiki/Q15394300,http://viaf.org/viaf/166479066,1037,PL_BN_books,,,,,,,False
Solonevič Ivan Lukianovič,Solonevič,Ivan Lukianovič,1891-11-13T00:00:00Z,1953-04-24T00:00:00Z,https://www.wikidata.org/wiki/Q1930187|https://www.wikidata.org/wiki/Q2085381|https://www.wikidata.org/wiki/Q36180|https://www.wikidata.org/wiki/Q49757|https://www.wikidata.org/wiki/Q6051619,https://www.wikidata.org/wiki/Q995159,https://www.wikidata.org/wiki/Q1335,https://www.wikidata.org/wiki/Q8441,https://www.wikidata.org/wiki/Q516870,http://viaf.org/viaf/59317747,1039,PL_BN_books,,,,,Sołoniewicz Iwan,,False
Grynberg Henryk,Grynberg,Henryk,1936-07-04T00:00:00Z,,https://www.wikidata.org/wiki/Q487596|https://www.wikidata.org/wiki/Q1930187|https://www.wikidata.org/wiki/Q49757|https://www.wikidata.org/wiki/Q12144794,https://www.wikidata.org/wiki/Q270,,https://www.wikidata.org/wiki/Q8441,https://www.wikidata.org/wiki/Q719190,http://viaf.org/viaf/31997209,104,PL_BN_books,,,,,,,False
"Solt, Ottilia",Solt,Ottilia,1944-01-07T00:00:00Z,1997-02-01T00:00:00Z,https://www.wikidata.org/wiki/Q82955|https://www.wikidata.org/wiki/Q2306091,https://www.wikidata.org/wiki/Q1781,https://www.wikidata.org/wiki/Q1781,https://www.wikidata.org/wiki/Q467,https://www.wikidata.org/wiki/Q1289839,http://viaf.org/viaf/289602965,1041,CZ_articles;PL_BN_books,,,,,,,False
Braun Jerzy,Braun,Jerzy,1901-09-01T00:00:00Z,1975-10-17T00:00:00Z,https://www.wikidata.org/wiki/Q82955|https://www.wikidata.org/wiki/Q49757|https://www.wikidata.org/wiki/Q6051619|https://www.wikidata.org/wiki/Q4964182,https://www.wikidata.org/wiki/Q324971,https://www.wikidata.org/wiki/Q220,https://www.wikidata.org/wiki/Q8441,https://www.wikidata.org/wiki/Q8860651,http://viaf.org/viaf/69087214,1042,PL_BN_books,,,,,,,False
Popiel Karol,Popiel,Karol,1887-10-28T00:00:00Z,1977-06-06T00:00:00Z,https://www.wikidata.org/wiki/Q82955,https://www.wikidata.org/wiki/Q786764,https://www.wikidata.org/wiki/Q220,https://www.wikidata.org/wiki/Q8441,https://www.wikidata.org/wiki/Q8864346,http://viaf.org/viaf/38089059,1043,PL_BN_books,,,,,,,False
Andronov Iona,Andronov,Iona,,,,,,,,http://viaf.org/viaf/311120789,1044,PL_BN_books,,,,,Andronov Jona|Andronow Jona,,False
Sienkiewicz Konrad,Sienkiewicz,Konrad,,,,,,,,http://viaf.org/viaf/302942825,1045,PL_BN_books,,,,,,,False
Braun Juliusz Jan,Braun,Juliusz Jan,1948-08-29T00:00:00Z,,https://www.wikidata.org/wiki/Q82955|https://www.wikidata.org/wiki/Q1930187,https://www.wikidata.org/wiki/Q2351815,,https://www.wikidata.org/wiki/Q8441,https://www.wikidata.org/wiki/Q11729263,http://viaf.org/viaf/3153151778213018130007,1046,PL_BN_books,,,,,,,False
"Pawlak, Antoni",Pawlak,Antoni,1948-04-13T00:00:00Z,,https://www.wikidata.org/wiki/Q49757,https://www.wikidata.org/wiki/Q110732,,https://www.wikidata.org/wiki/Q8441,https://www.wikidata.org/wiki/Q4193761,http://viaf.org/viaf/101760846,1049,CZ_books;PL_BN_books,,,,,,,False
Alexander W. M.,Alexander,W. M.,,,,,,,,http://viaf.org/viaf/74264171,105,PL_BN_books,,,,,Alexander M. W.,,False
Sorman Guy,Sorman,Guy,1944-03-10T00:00:00Z,,https://www.wikidata.org/wiki/Q1086863|https://www.wikidata.org/wiki/Q876864|https://www.wikidata.org/wiki/Q1238570|https://www.wikidata.org/wiki/Q1622272|https://www.wikidata.org/wiki/Q780596|https://www.wikidata.org/wiki/Q11774202|https://www.wikidata.org/wiki/Q17351648,https://www.wikidata.org/wiki/Q210769,,https://www.wikidata.org/wiki/Q8441,https://www.wikidata.org/wiki/Q3122159,http://viaf.org/viaf/66659942,1050,PL_BN_books,,,,,,,False
Bregman Aleksander,Bregman,Aleksander,1906,1967,,,,,,http://viaf.org/viaf/517159234592003372113,1051,PL_BN_books,,,,,,,False
Sorokin Vladimir,Sorokin,Vladimir,1955-08-07T00:00:00Z,1968,https://www.wikidata.org/wiki/Q487596|https://www.wikidata.org/wiki/Q1028181|https://www.wikidata.org/wiki/Q36180|https://www.wikidata.org/wiki/Q3391743|https://www.wikidata.org/wiki/Q28389|https://www.wikidata.org/wiki/Q8178443|https://www.wikidata.org/wiki/Q18844224,https://www.wikidata.org/wiki/Q1018529,,https://www.wikidata.org/wiki/Q8441,https://www.wikidata.org/wiki/Q319839,http://viaf.org/viaf/113821744,1052,PL_BN_books,,,,,,,False
Sosnkowski Kazimierz,Sosnkowski,Kazimierz,1885-11-19T00:00:00Z,1969-10-11T00:00:00Z,https://www.wikidata.org/wiki/Q82955|https://www.wikidata.org/wiki/Q47064,https://www.wikidata.org/wiki/Q270,https://www.wikidata.org/wiki/Q974582,https://www.wikidata.org/wiki/Q8441,https://www.wikidata.org/wiki/Q2988903,http://viaf.org/viaf/56652435,1053,PL_BN_books,,,,,,,False
~5Sostakovi~5c Dmitrij Dmitrievi~5c,~5Sostakovi~5c,Dmitrij Dmitrievi~5c,1906-09-25T00:00:00Z,1975-08-09T00:00:00Z,https://www.wikidata.org/wiki/Q2675537|https://www.wikidata.org/wiki/Q1622272|https://www.wikidata.org/wiki/Q82955|https://www.wikidata.org/wiki/Q8178443|https://www.wikidata.org/wiki/Q36834|https://www.wikidata.org/wiki/Q486748,https://www.wikidata.org/wiki/Q656,https://www.wikidata.org/wiki/Q649,https://www.wikidata.org/wiki/Q8441,https://www.wikidata.org/wiki/Q80135,http://viaf.org/viaf/89612684,1054,PL_BN_books,,,,,Szostakowicz      Dymitr|Szostakowicz Dymitr,,False
Volkov Solomon Maseevi~5c,Volkov,Solomon Maseevi~5c,1944-04-17T00:00:00Z,,https://www.wikidata.org/wiki/Q1930187|https://www.wikidata.org/wiki/Q36180|https://www.wikidata.org/wiki/Q14915627,https://www.wikidata.org/wiki/Q373808,,https://www.wikidata.org/wiki/Q8441,https://www.wikidata.org/wiki/Q2291992,http://viaf.org/viaf/90715985,1055,PL_BN_books,,,,,Wołkow Solomon,,False
Sowietolog,Sowietolog,,,,,,,,,http://viaf.org/viaf/303524089,1056,PL_BN_books,,,,,,,False
Sowiński Ludwik,Sowiński,Ludwik,,,,,,,,http://viaf.org/viaf/165439012,1057,PL_BN_books,,,,,,,False
Speidel Helm,Speidel,Helm,,,,,,,,http://viaf.org/viaf/163313915,1058,PL_BN_books,,,,,,,False
Spis Michał,Spis,Michał,1951-10-22T00:00:00Z,2019-10-17T00:00:00Z,https://www.wikidata.org/wiki/Q1622272|https://www.wikidata.org/wiki/Q20971250|https://www.wikidata.org/wiki/Q482980,https://www.wikidata.org/wiki/Q31487,https://www.wikidata.org/wiki/Q31487,https://www.wikidata.org/wiki/Q8441,https://www.wikidata.org/wiki/Q85132033,http://viaf.org/viaf/27476568,1059,PL_BN_books,,,,,,,False
Grzegorzewski Aleksander,Grzegorzewski,Aleksander,,,,,,,,http://viaf.org/viaf/165773060,106,PL_BN_books,,,,,,,False
Spychalski Czesław,Spychalski,Czesław,,,,,,,,http://viaf.org/viaf/101742138,1060,PL_BN_books,,,,,,,False
Sroka Tadeusz,Sroka,Tadeusz,,,,,,,,http://viaf.org/viaf/311120839,1061,PL_BN_books,,,,,,,False
Staniszkis Jadwiga,Staniszkis,Jadwiga,1942-04-26T00:00:00Z,,https://www.wikidata.org/wiki/Q2306091|https://www.wikidata.org/wiki/Q1238570,https://www.wikidata.org/wiki/Q270,,https://www.wikidata.org/wiki/Q467,https://www.wikidata.org/wiki/Q6121582,http://viaf.org/viaf/94547130,1062,PL_BN_books,,,,,,,False
Stankiewicz Tomasz,Stankiewicz,Tomasz,1946-01-01T00:00:00Z,,,,,,https://www.wikidata.org/wiki/Q95405664,http://viaf.org/viaf/303575713,1063,PL_BN_books,,,,,,,False
Stanowski Adam,Stanowski,Adam,1927-04-19T00:00:00Z,1990-02-07T00:00:00Z,https://www.wikidata.org/wiki/Q1930187|https://www.wikidata.org/wiki/Q201788,https://www.wikidata.org/wiki/Q1792,https://www.wikidata.org/wiki/Q37333,https://www.wikidata.org/wiki/Q8441,https://www.wikidata.org/wiki/Q11684375,http://viaf.org/viaf/41931882,1064,PL_BN_books,,,,,,,False
Steiner Jean- François,Steiner,Jean- François,1938-02-17T00:00:00Z,,https://www.wikidata.org/wiki/Q36180,https://www.wikidata.org/wiki/Q90,,https://www.wikidata.org/wiki/Q8441,https://www.wikidata.org/wiki/Q3165902,http://viaf.org/viaf/69703146,1065,PL_BN_books,,,,,,,False
Steinsbergowa Aniela,Steinsbergowa,Aniela,1896-06-27T00:00:00Z,1988-12-22T00:00:00Z,https://www.wikidata.org/wiki/Q380075|https://www.wikidata.org/wiki/Q181043|https://www.wikidata.org/wiki/Q333634,https://www.wikidata.org/wiki/Q1741,https://www.wikidata.org/wiki/Q270,https://www.wikidata.org/wiki/Q467,https://www.wikidata.org/wiki/Q9154711,http://viaf.org/viaf/101740926,1066,CZ_articles;PL_BN_books,,,,,,,False
Ajnenkiel Andrzej,Ajnenkiel,Andrzej,1931-02-21T00:00:00Z,2015-04-10T00:00:00Z,https://www.wikidata.org/wiki/Q201788|https://www.wikidata.org/wiki/Q185351,https://www.wikidata.org/wiki/Q270,,https://www.wikidata.org/wiki/Q8441,https://www.wikidata.org/wiki/Q548123,http://viaf.org/viaf/109080053,1067,PL_BN_books,Stelm Paweł,,,,,,False
Stempowski Jerzy,Stempowski,Jerzy,1894-12-10T00:00:00Z,1969-10-04T00:00:00Z,https://www.wikidata.org/wiki/Q4263842|https://www.wikidata.org/wiki/Q36180|https://www.wikidata.org/wiki/Q333634,https://www.wikidata.org/wiki/Q31487,https://www.wikidata.org/wiki/Q70,https://www.wikidata.org/wiki/Q8441,https://www.wikidata.org/wiki/Q4441619,http://viaf.org/viaf/68971424,1069,PL_BN_books,Hostowiec Paweł|Furatyk Leon,,,,,,False
Grzybowski Wacław,Grzybowski,Wacław,1887-01-01T00:00:00Z,1959-09-30T00:00:00Z,https://www.wikidata.org/wiki/Q82955|https://www.wikidata.org/wiki/Q193391|https://www.wikidata.org/wiki/Q212980|https://www.wikidata.org/wiki/Q4964182,,https://www.wikidata.org/wiki/Q90,https://www.wikidata.org/wiki/Q8441,https://www.wikidata.org/wiki/Q3737004,http://viaf.org/viaf/108700337,107,PL_BN_books,,,,,,,False
Sterling Claire,Sterling,Claire,1919-10-21T00:00:00Z,1995-06-17T00:00:00Z,https://www.wikidata.org/wiki/Q1930187|https://www.wikidata.org/wiki/Q36180,,,https://www.wikidata.org/wiki/Q467,https://www.wikidata.org/wiki/Q5125317,http://viaf.org/viaf/27071927,1070,PL_BN_books,,,,,,,False
Stępczak Kazimierz,Stępczak,Kazimierz,1936-01-01T00:00:00Z,2013-05-24T00:00:00Z,https://www.wikidata.org/wiki/Q864503,,,https://www.wikidata.org/wiki/Q8441,https://www.wikidata.org/wiki/Q16334940,http://viaf.org/viaf/28484169,1071,PL_BN_books,,,,,,,False
Stępień Jerzy,Stępień,Jerzy,1946-09-07T00:00:00Z,,https://www.wikidata.org/wiki/Q4594605|https://www.wikidata.org/wiki/Q82955|https://www.wikidata.org/wiki/Q14284,https://www.wikidata.org/wiki/Q324892,,https://www.wikidata.org/wiki/Q8441,https://www.wikidata.org/wiki/Q11725465,http://viaf.org/viaf/163195110,1072,PL_BN_books,,,,,,,False
Stiller Robert,Stiller,Robert,1928-01-25T00:00:00Z,2016-12-10T00:00:00Z,https://www.wikidata.org/wiki/Q49757|https://www.wikidata.org/wiki/Q36180|https://www.wikidata.org/wiki/Q14467526|https://www.wikidata.org/wiki/Q333634,https://www.wikidata.org/wiki/Q270,,https://www.wikidata.org/wiki/Q8441,https://www.wikidata.org/wiki/Q7350078,http://viaf.org/viaf/101748379,1073,PL_BN_books,Banasiak Antoni|Tomasz Harasiuk|Harasiuk Tomasz|Jerzy Szperak|Dobiesławski Włodzimierz|Józef Salmanowicz,,,,,,False
Straszewicz Czesław,Straszewicz,Czesław,1904-10-16T00:00:00Z,1963-09-10T00:00:00Z,https://www.wikidata.org/wiki/Q36180,https://www.wikidata.org/wiki/Q761,,https://www.wikidata.org/wiki/Q8441,https://www.wikidata.org/wiki/Q9199402,http://viaf.org/viaf/34450342,1075,PL_BN_books,,,,,,,False
Strękowski Jan,Strękowski,Jan,1954-03-05T00:00:00Z,,https://www.wikidata.org/wiki/Q1930187,,,https://www.wikidata.org/wiki/Q8441,https://www.wikidata.org/wiki/Q16561745,http://viaf.org/viaf/194327089,1076,PL_BN_books,,,,,,,False
Stryjecki Mateusz,Stryjecki,Mateusz,,,,,,,,http://viaf.org/viaf/303230438,1077,PL_BN_books,,,,,,,False
"Stryjkowski, Julian",Stryjkowski,Julian,1905-04-27T00:00:00Z,1996-08-08T00:00:00Z,https://www.wikidata.org/wiki/Q36180|https://www.wikidata.org/wiki/Q1930187|https://www.wikidata.org/wiki/Q482980|https://www.wikidata.org/wiki/Q333634,https://www.wikidata.org/wiki/Q158923,https://www.wikidata.org/wiki/Q270,https://www.wikidata.org/wiki/Q8441,https://www.wikidata.org/wiki/Q960370,http://viaf.org/viaf/19694158,1078,CZ_books;CZ_articles;PL_BN_books,,,,,,,False
Stryjski Piotr,Stryjski,Piotr,,,,,,,,http://viaf.org/viaf/311120807,1079,PL_BN_books,,,,,,,False
Grzymała- Siedlecki Adam,Grzymała- Siedlecki,Adam,1876-01-29T00:00:00Z,1967-01-29T00:00:00Z,https://www.wikidata.org/wiki/Q36180,https://www.wikidata.org/wiki/Q7999251,https://www.wikidata.org/wiki/Q41252,https://www.wikidata.org/wiki/Q8441,https://www.wikidata.org/wiki/Q9139624,http://viaf.org/viaf/76356651,108,PL_BN_books,,,,,,,False
Stryszowski Bronisław,Stryszowski,Bronisław,,,,,,,,http://viaf.org/viaf/165190135,1080,PL_BN_books,,,,,,,False
Strzelecki Jan,Strzelecki,Jan,1919-07-04T00:00:00Z,1988-07-11T00:00:00Z,https://www.wikidata.org/wiki/Q2306091,,https://www.wikidata.org/wiki/Q270,https://www.wikidata.org/wiki/Q8441,https://www.wikidata.org/wiki/Q11719118,http://viaf.org/viaf/68969079,1081,PL_BN_books,,,,,,,False
Strzembosz Tomasz,Strzembosz,Tomasz,1930-09-11T00:00:00Z,2004-10-16T00:00:00Z,https://www.wikidata.org/wiki/Q7886765|https://www.wikidata.org/wiki/Q1622272|https://www.wikidata.org/wiki/Q201788,https://www.wikidata.org/wiki/Q270,https://www.wikidata.org/wiki/Q270,https://www.wikidata.org/wiki/Q8441,https://www.wikidata.org/wiki/Q2440521,http://viaf.org/viaf/101749479,1082,PL_BN_books,,,,,,,False
Strzemski Michał,Strzemski,Michał,,,,,,,,http://viaf.org/viaf/47365876,1083,PL_BN_books,,,,,,,False
Studentowicz Kazimierz,Studentowicz,Kazimierz,1903-09-30T00:00:00Z,1992-03-10T00:00:00Z,https://www.wikidata.org/wiki/Q1227195,https://www.wikidata.org/wiki/Q31487,https://www.wikidata.org/wiki/Q268,https://www.wikidata.org/wiki/Q8441,https://www.wikidata.org/wiki/Q11738367,http://viaf.org/viaf/101863288,1084,PL_BN_books,,,,,,,False
Studziański Bogusław,Studziański,Bogusław,,,,,,,,http://viaf.org/viaf/302306889,1085,PL_BN_books,,,,,,,False
Studziński Bogumił,Studziński,Bogumił,1931-10-24T00:00:00Z,1987-07-20T00:00:00Z,,,,https://www.wikidata.org/wiki/Q8441,https://www.wikidata.org/wiki/Q26973244,http://viaf.org/viaf/70604692,1086,PL_BN_books,,,,,,,False
Stypułkowski Zbigniew,Stypułkowski,Zbigniew,1904-03-26T00:00:00Z,1979-03-30T00:00:00Z,https://www.wikidata.org/wiki/Q380075,https://www.wikidata.org/wiki/Q270,https://www.wikidata.org/wiki/Q84,https://www.wikidata.org/wiki/Q8441,https://www.wikidata.org/wiki/Q9388328,http://viaf.org/viaf/98243059,1087,PL_BN_books,,,,,,,False
Suberlak Jan,Suberlak,Jan,,,,,,,,http://viaf.org/viaf/101883109,1088,PL_BN_books,,,,,,,False
Suchorowska Danuta,Suchorowska,Danuta,,,,,,,,http://viaf.org/viaf/39794321,1089,PL_BN_books,,,,,,,False
Sukiennicki Wiktor,Sukiennicki,Wiktor,1901-07-25T00:00:00Z,1983-04-10T00:00:00Z,https://www.wikidata.org/wiki/Q201788|https://www.wikidata.org/wiki/Q1238570,https://www.wikidata.org/wiki/Q2640897,https://www.wikidata.org/wiki/Q173813,https://www.wikidata.org/wiki/Q8441,https://www.wikidata.org/wiki/Q9374162,http://viaf.org/viaf/89565096,1090,PL_BN_books,,,,,,,False
Suleja Włodzimierz,Suleja,Włodzimierz,1948-11-27T00:00:00Z,,https://www.wikidata.org/wiki/Q201788,https://www.wikidata.org/wiki/Q6435500,,https://www.wikidata.org/wiki/Q8441,https://www.wikidata.org/wiki/Q9382837,http://viaf.org/viaf/59495317,1091,PL_BN_books,Stefański Stanisław,,,,,,False
Sulka Kazimierz,Sulka,Kazimierz,,,,,,,,http://viaf.org/viaf/32852545,1093,PL_BN_books,,,,,,,False
Surdykowski Jerzy,Surdykowski,Jerzy,1939-03-14T00:00:00Z,,https://www.wikidata.org/wiki/Q36180,https://www.wikidata.org/wiki/Q270,,https://www.wikidata.org/wiki/Q8441,https://www.wikidata.org/wiki/Q11725476,http://viaf.org/viaf/118850995,1094,PL_BezCenzury_articles;PL_BN_books,Kappa|Małopolski Kazimierz,,,,,,False
Surowiec Andrzej,Surowiec,Andrzej,,,,,,,,http://viaf.org/viaf/162081474,1095,PL_BN_books,,,,,,,False
Susłowicz Agnieszka,Susłowicz,Agnieszka,,,,,,,,http://viaf.org/viaf/163027725,1096,PL_BN_books,,,,,,,False
Suvorov Viktor,Suvorov,Viktor,1947-04-20T00:00:00Z,,https://www.wikidata.org/wiki/Q201788|https://www.wikidata.org/wiki/Q1493121|https://www.wikidata.org/wiki/Q2314719|https://www.wikidata.org/wiki/Q36180|https://www.wikidata.org/wiki/Q6625963,https://www.wikidata.org/wiki/Q2658770,,https://www.wikidata.org/wiki/Q8441,https://www.wikidata.org/wiki/Q130786,http://viaf.org/viaf/46302,1097,PL_BN_books,Виктор Суворов|Viktor Suvorov|Віктор Суворов,,,,Suworow Wiktor|Suworow Wiktor Suwarow Wiktor,,False
Swianiewicz Stanisław,Swianiewicz,Stanisław,1899-11-07T00:00:00Z,1997-05-22T00:00:00Z,https://www.wikidata.org/wiki/Q201788|https://www.wikidata.org/wiki/Q1227195,https://www.wikidata.org/wiki/Q80021,https://www.wikidata.org/wiki/Q84,https://www.wikidata.org/wiki/Q8441,https://www.wikidata.org/wiki/Q1989565,http://viaf.org/viaf/93422347,1098,PL_BN_books,,,,,Świaniewicz Stanisław,,False
Lasota Irena,Lasota,Irena,1937-10-30T00:00:00Z,2006-03-02T00:00:00Z,https://www.wikidata.org/wiki/Q1028181,https://www.wikidata.org/wiki/Q649,https://www.wikidata.org/wiki/Q64,https://www.wikidata.org/wiki/Q8441,https://www.wikidata.org/wiki/Q4448177,http://viaf.org/viaf/73860512,1099,PL_BN_books,,,,,,,False
Fuller John Frederick Charles,Fuller,John Frederick Charles,1878-09-01T00:00:00Z,1966-02-10T00:00:00Z,https://www.wikidata.org/wiki/Q15980158|https://www.wikidata.org/wiki/Q201788|https://www.wikidata.org/wiki/Q4002659|https://www.wikidata.org/wiki/Q1493121,https://www.wikidata.org/wiki/Q207639,https://www.wikidata.org/wiki/Q478029,https://www.wikidata.org/wiki/Q8441,https://www.wikidata.org/wiki/Q548803,http://viaf.org/viaf/14769888,11,PL_BN_books,,,,,Fuller J. F. C.,,False
Szac- Wajnkranc Noemi,Szac- Wajnkranc,Noemi,,,,,,,,http://viaf.org/viaf/9717427,1100,PL_BN_books,,,,,,,False
Szafarz Piotr,Szafarz,Piotr,,,,,,,,http://viaf.org/viaf/308734835,1101,PL_BN_books,Hasta Kamil,,,,,,False
Szareyko Henryk,Szareyko,Henryk,,,,,,,,http://viaf.org/viaf/101788424,1102,PL_BN_books,,,,,,,False
Szary Jan,Szary,Jan,,,,,,,,http://viaf.org/viaf/167140352,1103,PL_BN_books,,,,,,,False
Szczepański Jan Józef,Szczepański,Jan Józef,1919-01-12T00:00:00Z,2003-02-20T00:00:00Z,https://www.wikidata.org/wiki/Q36180,https://www.wikidata.org/wiki/Q270,https://www.wikidata.org/wiki/Q31487,https://www.wikidata.org/wiki/Q8441,https://www.wikidata.org/wiki/Q11717849,http://viaf.org/viaf/100195809,1106,PL_BN_books,Ali|Roman Konarski|Kowalski Piotr|Józef Janowski,,,,,,False
Szczypiorski Andrzej,Szczypiorski,Andrzej,1928-02-03T00:00:00Z,2000-05-16T00:00:00Z,https://www.wikidata.org/wiki/Q36180|https://www.wikidata.org/wiki/Q82955|https://www.wikidata.org/wiki/Q6051619|https://www.wikidata.org/wiki/Q12144794,https://www.wikidata.org/wiki/Q270,https://www.wikidata.org/wiki/Q270,https://www.wikidata.org/wiki/Q8441,https://www.wikidata.org/wiki/Q451655,http://viaf.org/viaf/72192753,1108,PL_BN_books,,,,,,,False
Szegedi Péter,Szegedi,Péter,,,,,,,,http://viaf.org/viaf/311120801,1109,PL_BN_books,,,,,,,False
Gulbinowicz Krzysztof,Gulbinowicz,Krzysztof,1956-12-06T00:00:00Z,2009-11-20T00:00:00Z,https://www.wikidata.org/wiki/Q36180,,,https://www.wikidata.org/wiki/Q8441,https://www.wikidata.org/wiki/Q11749242,http://viaf.org/viaf/161910113,111,PL_BN_books,,,,,,,False
Szejnert Małgorzata,Szejnert,Małgorzata,1936-03-28T00:00:00Z,,https://www.wikidata.org/wiki/Q1930187,https://www.wikidata.org/wiki/Q270,,https://www.wikidata.org/wiki/Q467,https://www.wikidata.org/wiki/Q11772385,http://viaf.org/viaf/10263834,1110,PL_BN_books,,,,,,,False
Szerer Mieczysław,Szerer,Mieczysław,1884-01-01T00:00:00Z,1981-10-27T00:00:00Z❦1981-01-01T00:00:00Z,https://www.wikidata.org/wiki/Q2306091|https://www.wikidata.org/wiki/Q185351|https://www.wikidata.org/wiki/Q4594605|https://www.wikidata.org/wiki/Q82955|https://www.wikidata.org/wiki/Q380075,https://www.wikidata.org/wiki/Q31487,https://www.wikidata.org/wiki/Q270,https://www.wikidata.org/wiki/Q8441,https://www.wikidata.org/wiki/Q7944091,http://viaf.org/viaf/113496100,1114,PL_BN_books,,,,,,,False
Szewc Piotr,Szewc,Piotr,1961-08-27T00:00:00Z,,https://www.wikidata.org/wiki/Q49757,https://www.wikidata.org/wiki/Q145972,,https://www.wikidata.org/wiki/Q8441,https://www.wikidata.org/wiki/Q11818147,http://viaf.org/viaf/101760898,1115,PL_BN_books,,,,,,,False
Szolginia Witold,Szolginia,Witold,1923-03-11T00:00:00Z,1996-06-30T00:00:00Z,https://www.wikidata.org/wiki/Q42973|https://www.wikidata.org/wiki/Q1792450,https://www.wikidata.org/wiki/Q36036,https://www.wikidata.org/wiki/Q270,https://www.wikidata.org/wiki/Q8441,https://www.wikidata.org/wiki/Q8865372,http://viaf.org/viaf/5731239,1116,PL_BN_books,Tolu z Łyczakowa,,,,,,False
Szostak Józef,Szostak,Józef,1897-02-25T00:00:00Z,1984-02-11T00:00:00Z,https://www.wikidata.org/wiki/Q4002659,,https://www.wikidata.org/wiki/Q580,https://www.wikidata.org/wiki/Q8441,https://www.wikidata.org/wiki/Q11731477,http://viaf.org/viaf/22550057,1117,PL_BN_books,,,,,,,False
Szpakowski Zdzisław,Szpakowski,Zdzisław,1926-03-01T00:00:00Z,2006-10-26T00:00:00Z,https://www.wikidata.org/wiki/Q1930187|https://www.wikidata.org/wiki/Q201788|https://www.wikidata.org/wiki/Q2306091,https://www.wikidata.org/wiki/Q1076109,,https://www.wikidata.org/wiki/Q8441,https://www.wikidata.org/wiki/Q9389868,http://viaf.org/viaf/162245609,1118,PL_BN_books,,,,,,,False
Szpotański Janusz,Szpotański,Janusz,1929-01-12T00:00:00Z,2001-10-13T00:00:00Z,https://www.wikidata.org/wiki/Q4263842|https://www.wikidata.org/wiki/Q15962340|https://www.wikidata.org/wiki/Q49757|https://www.wikidata.org/wiki/Q333634|https://www.wikidata.org/wiki/Q10873124,https://www.wikidata.org/wiki/Q270,https://www.wikidata.org/wiki/Q270,https://www.wikidata.org/wiki/Q8441,https://www.wikidata.org/wiki/Q6156089,http://viaf.org/viaf/7436998,1119,PL_BN_books,Gnomacki Władysław|Oniegow Aleksander,,,,,,False
Guszpit Ireneusz,Guszpit,Ireneusz,,,,,,,,http://viaf.org/viaf/232777984,112,PL_BN_books,,,,,,,False
Szutnik Narcyz,Szutnik,Narcyz,,,,,,,,http://viaf.org/viaf/301917594,1122,PL_BN_books,,,,,,,False
Szyma Tadeusz,Szyma,Tadeusz,,,,,,,,http://viaf.org/viaf/32410130,1124,PL_BN_books,,,,,,,False
Szymanderski Witold,Szymanderski,Witold,,,,,,,,http://viaf.org/viaf/102031982,1125,PL_BN_books,Szymanderski Witold,,,,Szymanderscy Hanna i Witold,,False
Szymecki Stanisław,Szymecki,Stanisław,1924-01-26T00:00:00Z,,https://www.wikidata.org/wiki/Q250867|https://www.wikidata.org/wiki/Q25393460,https://www.wikidata.org/wiki/Q588,,https://www.wikidata.org/wiki/Q8441,https://www.wikidata.org/wiki/Q515467,http://viaf.org/viaf/101960758,1126,PL_BN_books,,,,,,,False
Szymoński Rafał,Szymoński,Rafał,,,,,,,,http://viaf.org/viaf/165775698,1127,PL_BN_books,,,,,,,False
"Andrzejewski, Jerzy",Andrzejewski,Jerzy,1909-08-19T00:00:00Z,1983-04-20T00:00:00Z❦1983-04-19T00:00:00Z,https://www.wikidata.org/wiki/Q487596|https://www.wikidata.org/wiki/Q1930187|https://www.wikidata.org/wiki/Q36180|https://www.wikidata.org/wiki/Q82955|https://www.wikidata.org/wiki/Q28389|https://www.wikidata.org/wiki/Q6625963,https://www.wikidata.org/wiki/Q270,https://www.wikidata.org/wiki/Q270,https://www.wikidata.org/wiki/Q8441,https://www.wikidata.org/wiki/Q347767,http://viaf.org/viaf/87638427,1128,CZ_articles;PL_BN_books,,,,,,,False
Ścibor- Rylski Aleksander,Ścibor- Rylski,Aleksander,1928-03-16T00:00:00Z,1983-04-03T00:00:00Z,https://www.wikidata.org/wiki/Q36180|https://www.wikidata.org/wiki/Q2526255|https://www.wikidata.org/wiki/Q482980|https://www.wikidata.org/wiki/Q28389,https://www.wikidata.org/wiki/Q123511,https://www.wikidata.org/wiki/Q270,https://www.wikidata.org/wiki/Q8441,https://www.wikidata.org/wiki/Q581748,http://viaf.org/viaf/19737686,1129,CZ_articles;PL_BN_books,,,,,,,False
Śliwiński Marek,Śliwiński,Marek,1933-06-23T00:00:00Z,2020-03-01T00:00:00Z,,https://www.wikidata.org/wiki/Q270,https://www.wikidata.org/wiki/Q6441,https://www.wikidata.org/wiki/Q8441,https://www.wikidata.org/wiki/Q87750580,http://viaf.org/viaf/102045786,1131,PL_BN_books,,,,,,,False
Śnieciński Robert,Śnieciński,Robert,,,,,,,,http://viaf.org/viaf/162826697,1132,PL_BN_books,Biały Maciek,,,,,,False
Świdlicki Andrzej,Świdlicki,Andrzej,,,,,,,,http://viaf.org/viaf/56674184,1134,PL_BN_books,,,,,,,False
"Broda, Jarosław",Broda,Jarosław,1956-02-25T00:00:00Z,,,https://www.wikidata.org/wiki/Q991022,,https://www.wikidata.org/wiki/Q8441,https://www.wikidata.org/wiki/Q11720794,http://viaf.org/viaf/68451862,1135,CZ_books;CZ_articles;PL_BN_books,,,,,,,False
Święcicki Marek,Święcicki,Marek,1915-06-01T00:00:00Z,1994-08-11T00:00:00Z,,https://www.wikidata.org/wiki/Q1874,,https://www.wikidata.org/wiki/Q8441,https://www.wikidata.org/wiki/Q11768632,http://viaf.org/viaf/30940181,1136,PL_BN_books,,,,,,,False
Talbott Strobe,Talbott,Strobe,1946-04-25T00:00:00Z,,https://www.wikidata.org/wiki/Q1930187|https://www.wikidata.org/wiki/Q1238570,https://www.wikidata.org/wiki/Q34739,,https://www.wikidata.org/wiki/Q8441,https://www.wikidata.org/wiki/Q1287886,http://viaf.org/viaf/108792217,1138,PL_BN_books,,,,,Talbot Strobe,,False
Tardif Emilien,Tardif,Emilien,1928-06-06T00:00:00Z,1999-06-08T00:00:00Z,https://www.wikidata.org/wiki/Q42603,https://www.wikidata.org/wiki/Q3463533,https://www.wikidata.org/wiki/Q10367373,https://www.wikidata.org/wiki/Q8441,https://www.wikidata.org/wiki/Q369177,http://viaf.org/viaf/84037487,1139,PL_BN_books,,,,,,,False
Guzy Piotr,Guzy,Piotr,1922-05-15T00:00:00Z,2018-02-24T00:00:00Z,https://www.wikidata.org/wiki/Q1930187|https://www.wikidata.org/wiki/Q36180,https://www.wikidata.org/wiki/Q167731,,https://www.wikidata.org/wiki/Q8441,https://www.wikidata.org/wiki/Q1267277,http://viaf.org/viaf/93791085,114,PL_BN_books,,,,,,,False
Ronourt Pierre,Ronourt,Pierre,,,,,,,,http://viaf.org/viaf/301702263,1140,PL_BN_books,,,,,,,False
Maindre Filip,Maindre,Filip,,,,,,,,http://viaf.org/viaf/301902474,1141,PL_BN_books,,,,,,,False
Tarnawa Andrzej,Tarnawa,Andrzej,,,,,,,,http://viaf.org/viaf/163211478,1143,PL_BN_books,,,,,,,False
Tarnowski Mieczysław,Tarnowski,Mieczysław,,,,,,,,http://viaf.org/viaf/303790230,1144,PL_BN_books,,,,,,,False
Taylor Janusz,Taylor,Janusz,1939,,,,,,,http://viaf.org/viaf/163640713,1145,PL_BN_books,,,,,,,False
Taylor M.,Taylor,M.,,,,,,,,http://viaf.org/viaf/303138019,1146,PL_BN_books,,,,,,,False
Tekieli Robert,Tekieli,Robert,1961-05-19T00:00:00Z,,https://www.wikidata.org/wiki/Q1930187,https://www.wikidata.org/wiki/Q1005511,,https://www.wikidata.org/wiki/Q8441,https://www.wikidata.org/wiki/Q9311122,http://viaf.org/viaf/101852445,1147,PL_BN_books,,,,,,,False
Temkin Matylda,Temkin,Matylda,,,,,,,,http://viaf.org/viaf/311120458,1149,PL_BN_books,,,,,,,False
"Gwiazda, Andrzej",Gwiazda,Andrzej,1935-04-14T00:00:00Z,,https://www.wikidata.org/wiki/Q7886765|https://www.wikidata.org/wiki/Q82955|https://www.wikidata.org/wiki/Q81096,https://www.wikidata.org/wiki/Q275592,,https://www.wikidata.org/wiki/Q8441,https://www.wikidata.org/wiki/Q3847984,http://viaf.org/viaf/86415659,115,CZ_articles;PL_BN_books,,,,,,,False
Terakowska Dorota,Terakowska,Dorota,1938-08-30T00:00:00Z,2004-01-04T00:00:00Z,https://www.wikidata.org/wiki/Q1930187|https://www.wikidata.org/wiki/Q36180,https://www.wikidata.org/wiki/Q31487,https://www.wikidata.org/wiki/Q31487,https://www.wikidata.org/wiki/Q467,https://www.wikidata.org/wiki/Q9210254,http://viaf.org/viaf/69053217,1151,PL_BN_books,,,,,,,False
Terlecki Tymon,Terlecki,Tymon,1905-08-10T00:00:00Z,2000-11-06T00:00:00Z,https://www.wikidata.org/wiki/Q2251335|https://www.wikidata.org/wiki/Q4263842,,,https://www.wikidata.org/wiki/Q8441,https://www.wikidata.org/wiki/Q9363629,http://viaf.org/viaf/49240301,1152,PL_BN_books,,,,,,,False
Teslar Tadeusz,Teslar,Tadeusz,,,,,,,,http://viaf.org/viaf/234176559,1153,PL_BN_books,,,,,,,False
Brodskij Iosif,Brodskij,Iosif,1940-05-24T00:00:00Z,1996-01-28T00:00:00Z,https://www.wikidata.org/wiki/Q487596|https://www.wikidata.org/wiki/Q49757|https://www.wikidata.org/wiki/Q36180|https://www.wikidata.org/wiki/Q482980|https://www.wikidata.org/wiki/Q333634|https://www.wikidata.org/wiki/Q11774202|https://www.wikidata.org/wiki/Q9379869,https://www.wikidata.org/wiki/Q656,https://www.wikidata.org/wiki/Q18419,https://www.wikidata.org/wiki/Q8441,https://www.wikidata.org/wiki/Q862,http://viaf.org/viaf/31993687,1154,PL_BezCenzury_articles;CZ_books;CZ_articles;PL_BN_books,,,,,Brodski Josif,,False
Tischner Józef,Tischner,Józef,1931-03-12T00:00:00Z,2000-06-28T00:00:00Z,https://www.wikidata.org/wiki/Q250867|https://www.wikidata.org/wiki/Q1622272|https://www.wikidata.org/wiki/Q4964182,https://www.wikidata.org/wiki/Q1280257,https://www.wikidata.org/wiki/Q31487,https://www.wikidata.org/wiki/Q8441,https://www.wikidata.org/wiki/Q716845,http://viaf.org/viaf/27075753,1155,CZ_articles;PL_BN_books,,,,,,,False
Todd Olivier,Todd,Olivier,1929-06-19T00:00:00Z,,https://www.wikidata.org/wiki/Q1930187|https://www.wikidata.org/wiki/Q36180|https://www.wikidata.org/wiki/Q164236,https://www.wikidata.org/wiki/Q48958,,https://www.wikidata.org/wiki/Q8441,https://www.wikidata.org/wiki/Q3351411,http://viaf.org/viaf/101882750,1156,PL_BN_books,,,,,,,False
Toffler Alvin,Toffler,Alvin,1928-10-04T00:00:00Z,2016-06-27T00:00:00Z,https://www.wikidata.org/wiki/Q1930187|https://www.wikidata.org/wiki/Q1231865|https://www.wikidata.org/wiki/Q36180|https://www.wikidata.org/wiki/Q2306091|https://www.wikidata.org/wiki/Q846430|https://www.wikidata.org/wiki/Q846430|https://www.wikidata.org/wiki/Q18844224,https://www.wikidata.org/wiki/Q60,https://www.wikidata.org/wiki/Q65,https://www.wikidata.org/wiki/Q8441,https://www.wikidata.org/wiki/Q297425,http://viaf.org/viaf/82536768,1157,PL_BN_books,,,,,,,False
Tofil Piotr R. M.,Tofil,Piotr R. M.,,,,,,,,http://viaf.org/viaf/301660422,1158,PL_BN_books,,,,,,,False
Tokarczuk Ignacy,Tokarczuk,Ignacy,1918-02-01T00:00:00Z,2012-12-29T00:00:00Z,https://www.wikidata.org/wiki/Q250867|https://www.wikidata.org/wiki/Q1622272,https://www.wikidata.org/wiki/Q4129791,https://www.wikidata.org/wiki/Q208473,https://www.wikidata.org/wiki/Q8441,https://www.wikidata.org/wiki/Q435254,http://viaf.org/viaf/816153,1159,CZ_articles;PL_BN_books,,,,,,,False
Jankowska Janina,Jankowska,Janina,1939-05-01T00:00:00Z,,https://www.wikidata.org/wiki/Q1930187,https://www.wikidata.org/wiki/Q1871384,,https://www.wikidata.org/wiki/Q467,https://www.wikidata.org/wiki/Q11719815,http://viaf.org/viaf/46650141,116,PL_BN_books,,,,,,,False
Tokarzewski- Karaszewicz Michał,Tokarzewski- Karaszewicz,Michał,1893-01-05T00:00:00Z,1964-05-22T00:00:00Z,https://www.wikidata.org/wiki/Q42603|https://www.wikidata.org/wiki/Q47064|https://www.wikidata.org/wiki/Q1397808,https://www.wikidata.org/wiki/Q36036,https://www.wikidata.org/wiki/Q7903,https://www.wikidata.org/wiki/Q8441,https://www.wikidata.org/wiki/Q2983839,http://viaf.org/viaf/98446364,1160,PL_BN_books,,,,,,,False
Tomaszewski Bolesław,Tomaszewski,Bolesław,1909-01-01T00:00:00Z,1985-01-01T00:00:00Z,,,,https://www.wikidata.org/wiki/Q8441,https://www.wikidata.org/wiki/Q9176967,http://viaf.org/viaf/166589132,1161,PL_BN_books,,,,,,,False
Węgierski Jerzy,Węgierski,Jerzy,1915-02-13T00:00:00Z,2012-06-04T00:00:00Z,https://www.wikidata.org/wiki/Q81096,https://www.wikidata.org/wiki/Q36036,https://www.wikidata.org/wiki/Q588,https://www.wikidata.org/wiki/Q8441,https://www.wikidata.org/wiki/Q11725720,http://viaf.org/viaf/199318639,1162,PL_BN_books,,,,,,,False
Tomaszewski Longin,Tomaszewski,Longin,,,,,,,,http://viaf.org/viaf/84223834,1163,PL_BN_books,,,,,,,False
Tomaszkowa Zofia,Tomaszkowa,Zofia,,,,,,,,http://viaf.org/viaf/303136912,1164,PL_BN_books,,,,,,,False
Topol Edward,Topol,Edward,1938-10-08T00:00:00Z❦1938-01-01T00:00:00Z,,https://www.wikidata.org/wiki/Q6625963|https://www.wikidata.org/wiki/Q1930187|https://www.wikidata.org/wiki/Q36180|https://www.wikidata.org/wiki/Q18844224,https://www.wikidata.org/wiki/Q9248,,https://www.wikidata.org/wiki/Q8441,https://www.wikidata.org/wiki/Q1964059,http://viaf.org/viaf/108863869,1165,PL_BN_books,,,,,,,False
Neznanskij Fridrich,Neznanskij,Fridrich,1932-09-27T00:00:00Z,2013-02-13T00:00:00Z❦2013-02-14T00:00:00Z,https://www.wikidata.org/wiki/Q36180,https://www.wikidata.org/wiki/Q4181674,https://www.wikidata.org/wiki/Q127043,https://www.wikidata.org/wiki/Q8441,https://www.wikidata.org/wiki/Q4316343,http://viaf.org/viaf/101982314,1166,PL_BN_books,,,,,Nieznański Fryderyk,,False
Torańska Teresa,Torańska,Teresa,1944-01-01T00:00:00Z,2013-01-02T00:00:00Z,https://www.wikidata.org/wiki/Q1930187|https://www.wikidata.org/wiki/Q36180,https://www.wikidata.org/wiki/Q739491,https://www.wikidata.org/wiki/Q270,https://www.wikidata.org/wiki/Q467,https://www.wikidata.org/wiki/Q2790691,http://viaf.org/viaf/37326072,1167,PL_BN_books,,,,,,,False
Andrzejewski Mirosław,Andrzejewski,Mirosław,1962,,,,,,,http://viaf.org/viaf/162418005,1168,PL_BN_books,,,,,,,False
Gwoździowski Józef Albin,Gwoździowski,Józef Albin,,,,,,,,http://viaf.org/viaf/249614703,117,PL_BN_books,,,,,,,False
"Hutka, Jaroslav",Hutka,Jaroslav,1950-04-26T00:00:00Z,,https://www.wikidata.org/wiki/Q488205|https://www.wikidata.org/wiki/Q1028181|https://www.wikidata.org/wiki/Q36180|https://www.wikidata.org/wiki/Q177220|https://www.wikidata.org/wiki/Q33231,https://www.wikidata.org/wiki/Q1085,,https://www.wikidata.org/wiki/Q8441,https://www.wikidata.org/wiki/Q11915598,http://viaf.org/viaf/118416603,1170,PL_BezCenzury_books;CZ_articles;PL_BezCenzury_articles;PL_BN_books,,,,,,,False
Trockij Lev Davidovič,Trockij,Lev Davidovič,1879-11-07T00:00:00Z,1940-08-21T00:00:00Z,https://www.wikidata.org/wiki/Q1930187|https://www.wikidata.org/wiki/Q18814623|https://www.wikidata.org/wiki/Q201788|https://www.wikidata.org/wiki/Q47064|https://www.wikidata.org/wiki/Q4964182|https://www.wikidata.org/wiki/Q36180|https://www.wikidata.org/wiki/Q82955|https://www.wikidata.org/wiki/Q193391|https://www.wikidata.org/wiki/Q3242115,https://www.wikidata.org/wiki/Q753652,https://www.wikidata.org/wiki/Q661315,https://www.wikidata.org/wiki/Q8441,https://www.wikidata.org/wiki/Q33391,http://viaf.org/viaf/19685134,1171,CZ_books;PL_BN_books,Антид Ото|Старик|Л. Седов|Перо|Троцкий,,,['Bronstein Lev Davidovič'],Trocki Lew|Trocki Lew Trocki Lew,,False
Trojanowska Wisława,Trojanowska,Wisława,,,,,,,,http://viaf.org/viaf/311123096,1172,PL_BN_books,,,,,,,False
Trzeciak Stanisław,Trzeciak,Stanisław,1873-10-25T00:00:00Z,1944-08-09T00:00:00Z,https://www.wikidata.org/wiki/Q250867|https://www.wikidata.org/wiki/Q1234713|https://www.wikidata.org/wiki/Q42603,https://www.wikidata.org/wiki/Q606218,https://www.wikidata.org/wiki/Q270,https://www.wikidata.org/wiki/Q8441,https://www.wikidata.org/wiki/Q9343265,http://viaf.org/viaf/98267856,1173,PL_BN_books,,,,,,,False
Trznadel Jacek,Trznadel,Jacek,1930-06-10T00:00:00Z,,https://www.wikidata.org/wiki/Q49757|https://www.wikidata.org/wiki/Q4263842,https://www.wikidata.org/wiki/Q764943,,https://www.wikidata.org/wiki/Q8441,https://www.wikidata.org/wiki/Q4466930,http://viaf.org/viaf/93792957,1174,CZ_articles;PL_BN_books,,,,,,,False
Trzymalski Szczęsny,Trzymalski,Szczęsny,,,,,,,,http://viaf.org/viaf/9764159248622404870003,1175,PL_BN_books,,,,,,,False
Tuliszka Edmund,Tuliszka,Edmund,,,,,,,,http://viaf.org/viaf/101954237,1176,PL_BN_books,,,,,,,False
Turkuć Wacław,Turkuć,Wacław,,,,,,,,http://viaf.org/viaf/290456819,1177,PL_BN_books,,,,,,,False
Turlejska Maria,Turlejska,Maria,1918-08-23T00:00:00Z,2004-07-16T00:00:00Z,https://www.wikidata.org/wiki/Q201788|https://www.wikidata.org/wiki/Q2306091,https://www.wikidata.org/wiki/Q270,https://www.wikidata.org/wiki/Q270,https://www.wikidata.org/wiki/Q467,https://www.wikidata.org/wiki/Q11769203,http://viaf.org/viaf/7801864,1178,PL_BN_books,Łukasz Socha|Socha Łukasz,,,,,,False
Turonek Jerzy,Turonek,Jerzy,1929-04-26T00:00:00Z,2019-01-02T00:00:00Z,https://www.wikidata.org/wiki/Q201788,https://www.wikidata.org/wiki/Q2356406,https://www.wikidata.org/wiki/Q270,https://www.wikidata.org/wiki/Q8441,https://www.wikidata.org/wiki/Q626967,http://viaf.org/viaf/73933352,1179,PL_BN_books,,,,,,,False
Hall Aleksander,Hall,Aleksander,1953-05-20T00:00:00Z,,https://www.wikidata.org/wiki/Q82955|https://www.wikidata.org/wiki/Q1930187|https://www.wikidata.org/wiki/Q201788,https://www.wikidata.org/wiki/Q1792,,https://www.wikidata.org/wiki/Q8441,https://www.wikidata.org/wiki/Q4714939,http://viaf.org/viaf/46992167,118,CZ_articles;PL_BN_books,,,,,,,False
Turowski Józef,Turowski,Józef,,,,,,,,http://viaf.org/viaf/27477706,1180,PL_BN_books,Ziuk,,,,,,False
Tuszyńska Agata,Tuszyńska,Agata,1957-05-25T00:00:00Z,,https://www.wikidata.org/wiki/Q1622272|https://www.wikidata.org/wiki/Q1930187|https://www.wikidata.org/wiki/Q49757|https://www.wikidata.org/wiki/Q6625963,https://www.wikidata.org/wiki/Q270,,https://www.wikidata.org/wiki/Q467,https://www.wikidata.org/wiki/Q2826453,http://viaf.org/viaf/32067098,1182,PL_BN_books,,,,,,,False
Twardowski Jan,Twardowski,Jan,1915-06-01T00:00:00Z,2006-01-18T00:00:00Z,https://www.wikidata.org/wiki/Q250867|https://www.wikidata.org/wiki/Q49757,https://www.wikidata.org/wiki/Q270,https://www.wikidata.org/wiki/Q270,https://www.wikidata.org/wiki/Q8441,https://www.wikidata.org/wiki/Q55789,http://viaf.org/viaf/2487484,1183,PL_BN_books,,,,,,,False
Tworkowski Stanisław,Tworkowski,Stanisław,1901-01-01T00:00:00Z,1999-03-07T00:00:00Z,,https://www.wikidata.org/wiki/Q8065362,,https://www.wikidata.org/wiki/Q8441,https://www.wikidata.org/wiki/Q9343270,http://viaf.org/viaf/101851224,1184,PL_BN_books,,,,,,,False
Tworzynowski Stanisław,Tworzynowski,Stanisław,,,,,,,,http://viaf.org/viaf/311120830,1185,PL_BN_books,,,,,,,False
Tyrmand Leopold,Tyrmand,Leopold,1920-05-16T00:00:00Z,1985-03-19T00:00:00Z,https://www.wikidata.org/wiki/Q36180|https://www.wikidata.org/wiki/Q1930187|https://www.wikidata.org/wiki/Q482980,https://www.wikidata.org/wiki/Q270,https://www.wikidata.org/wiki/Q506451,https://www.wikidata.org/wiki/Q8441,https://www.wikidata.org/wiki/Q718495,http://viaf.org/viaf/14790415,1188,PL_BN_books,,,,,,,False
Ujejski Józef,Ujejski,Józef,1883-01-08T00:00:00Z,1937-07-08T00:00:00Z,https://www.wikidata.org/wiki/Q17167049,https://www.wikidata.org/wiki/Q106281,https://www.wikidata.org/wiki/Q270,https://www.wikidata.org/wiki/Q8441,https://www.wikidata.org/wiki/Q4469601,http://viaf.org/viaf/47561389,1189,PL_BN_books,,,,,,,False
"Harnicek, Martin",,,1952-03-27T00:00:00Z,,https://www.wikidata.org/wiki/Q36180|https://www.wikidata.org/wiki/Q12144794,https://www.wikidata.org/wiki/Q1085,,https://www.wikidata.org/wiki/Q8441,https://www.wikidata.org/wiki/Q66107392,http://viaf.org/viaf/69662605,119,PL_BezCenzury_books;PL_BezCenzury_articles,,,,,,,False
Ungeheuer Frederick,Ungeheuer,Frederick,,,,,,,,http://viaf.org/viaf/301088470,1192,PL_BN_books,,,,,,,False
Unger Leopold,Unger,Leopold,1922-08-12T00:00:00Z,2011-12-20T00:00:00Z,https://www.wikidata.org/wiki/Q1930187|https://www.wikidata.org/wiki/Q36180,https://www.wikidata.org/wiki/Q36036,https://www.wikidata.org/wiki/Q9005,https://www.wikidata.org/wiki/Q8441,https://www.wikidata.org/wiki/Q442180,http://viaf.org/viaf/92761796,1193,PL_BN_books,Brukselczyk,,,,,,False
Brodzki Stanisław,Brodzki,Stanisław,1916-12-07T00:00:00Z,1990-10-18T00:00:00Z,https://www.wikidata.org/wiki/Q1930187,,,https://www.wikidata.org/wiki/Q8441,https://www.wikidata.org/wiki/Q9341653,http://viaf.org/viaf/165384918,1194,PL_BN_books,,,,,,,False
Urbankowski Bohdan,Urbankowski,Bohdan,1943-01-01T00:00:00Z,,https://www.wikidata.org/wiki/Q4964182,https://www.wikidata.org/wiki/Q270,,https://www.wikidata.org/wiki/Q8441,https://www.wikidata.org/wiki/Q4938035,http://viaf.org/viaf/117283797,1195,PL_BN_books,,,,,,,False
Uszkujnik W.,Uszkujnik,W.,,,,,,,,http://viaf.org/viaf/427234,1196,PL_BN_books,,,,,,,False
Vajiranana Parawahera,Vajiranana,Parawahera,,,,,,,,http://viaf.org/viaf/126145243809774441796,1197,PL_BN_books,,,,,,,False
"Fydrych, Waldemar",Fydrych,Waldemar,1953-04-08T00:00:00Z,,https://www.wikidata.org/wiki/Q11499147|https://www.wikidata.org/wiki/Q483501|https://www.wikidata.org/wiki/Q1792450,https://www.wikidata.org/wiki/Q47554,,https://www.wikidata.org/wiki/Q8441,https://www.wikidata.org/wiki/Q685348,http://viaf.org/viaf/53531792,12,CZ_articles;PL_BN_books,,,,,,,False
Hartman Jan,Hartman,Jan,,,,,,,,http://viaf.org/viaf/303327552,120,PL_BN_books,,,,,,,False
Volkoff Vladimir,Volkoff,Vladimir,1932-11-07T00:00:00Z,2005-09-14T00:00:00Z,https://www.wikidata.org/wiki/Q487596|https://www.wikidata.org/wiki/Q4853732|https://www.wikidata.org/wiki/Q36180|https://www.wikidata.org/wiki/Q12144794|https://www.wikidata.org/wiki/Q5121444|https://www.wikidata.org/wiki/Q864380|https://www.wikidata.org/wiki/Q333634|https://www.wikidata.org/wiki/Q18844224,https://www.wikidata.org/wiki/Q90,https://www.wikidata.org/wiki/Q865494,https://www.wikidata.org/wiki/Q8441,https://www.wikidata.org/wiki/Q2166142,http://viaf.org/viaf/120698549,1206,PL_BN_books,,,,,Wołkow Władimir,,False
Vonnegut Kurt jr.,Vonnegut,Kurt,1922-11-11T00:00:00Z,2007-04-11T00:00:00Z,https://www.wikidata.org/wiki/Q36180,https://www.wikidata.org/wiki/Q6346,https://www.wikidata.org/wiki/Q60,https://www.wikidata.org/wiki/Q8441,https://www.wikidata.org/wiki/Q49074,http://viaf.org/viaf/71398958,1207,PL_BN_books,,['jr.'],,,,,False
Andrzejewski Piotr,Andrzejewski,Piotr,1942-01-02T00:00:00Z,,https://www.wikidata.org/wiki/Q380075,https://www.wikidata.org/wiki/Q270,,https://www.wikidata.org/wiki/Q8441,https://www.wikidata.org/wiki/Q11817247,http://viaf.org/viaf/46607033,1208,PL_BN_books,,,,,,,False
Verney Douglas V.,Verney,Douglas V.,1924-01-01T00:00:00Z,,,,,https://www.wikidata.org/wiki/Q8441,https://www.wikidata.org/wiki/Q83017360,http://viaf.org/viaf/109499411,1209,PL_BN_books,,,,,,,False
Harusewicz Mieczysław,Harusewicz,Mieczysław,1899-09-28T00:00:00Z,1991-02-18T00:00:00Z,https://www.wikidata.org/wiki/Q82955,https://www.wikidata.org/wiki/Q841352,,https://www.wikidata.org/wiki/Q8441,https://www.wikidata.org/wiki/Q40331949,http://viaf.org/viaf/6760147967368984200006,121,PL_BN_books,,,,,,,False
Voren Robert van,Voren van,Robert,1959-01-01T00:00:00Z❦1959-07-25T00:00:00Z,,https://www.wikidata.org/wiki/Q1238570,https://www.wikidata.org/wiki/Q340,,https://www.wikidata.org/wiki/Q8441,https://www.wikidata.org/wiki/Q20982770,http://viaf.org/viaf/100396815,1210,PL_BN_books,,,,,,,False
Bromke Adam,Bromke,Adam,1928-07-11T00:00:00Z,2008-10-05T00:00:00Z,https://www.wikidata.org/wiki/Q1238570,https://www.wikidata.org/wiki/Q270,https://www.wikidata.org/wiki/Q270,https://www.wikidata.org/wiki/Q8441,https://www.wikidata.org/wiki/Q9139368,http://viaf.org/viaf/109822539,1211,PL_BN_books,,,,,,,False
Vysockij Vladimir Semenovič,Vysockij,Vladimir Semenovič,1938-01-25T00:00:00Z,1980-07-25T00:00:00Z,https://www.wikidata.org/wiki/Q33999|https://www.wikidata.org/wiki/Q488205|https://www.wikidata.org/wiki/Q33999|https://www.wikidata.org/wiki/Q33999|https://www.wikidata.org/wiki/Q49757|https://www.wikidata.org/wiki/Q36180|https://www.wikidata.org/wiki/Q855091|https://www.wikidata.org/wiki/Q177220|https://www.wikidata.org/wiki/Q12144794|https://www.wikidata.org/wiki/Q753110|https://www.wikidata.org/wiki/Q482980|https://www.wikidata.org/wiki/Q822146|https://www.wikidata.org/wiki/Q28389|https://www.wikidata.org/wiki/Q36834,https://www.wikidata.org/wiki/Q649,https://www.wikidata.org/wiki/Q649,https://www.wikidata.org/wiki/Q8441,https://www.wikidata.org/wiki/Q512,http://viaf.org/viaf/6283836,1212,PL_BN_books,,,,,Wysocki Włodzimierz,,False
W. Magdalena,W.,Magdalena,,,,,,,,http://viaf.org/viaf/47152329216302670582,1213,PL_BN_books,,,,,,,True
Wackowski Erwin,Wackowski,Erwin,,,,,,,,http://viaf.org/viaf/303828338,1214,PL_BN_books,,,,,,,False
"Wajda, Andrzej",Wajda,Andrzej,1926-03-06T00:00:00Z,2016-10-09T00:00:00Z,https://www.wikidata.org/wiki/Q2059704|https://www.wikidata.org/wiki/Q3282637|https://www.wikidata.org/wiki/Q3455803|https://www.wikidata.org/wiki/Q3387717|https://www.wikidata.org/wiki/Q2526255|https://www.wikidata.org/wiki/Q82955|https://www.wikidata.org/wiki/Q28389,https://www.wikidata.org/wiki/Q236083,https://www.wikidata.org/wiki/Q270,https://www.wikidata.org/wiki/Q8441,https://www.wikidata.org/wiki/Q106685,http://viaf.org/viaf/109769092,1215,CZ_articles;PL_BN_books,,,,,,,False
Wala Jan,Wala,Jan,,,,,,,,http://viaf.org/viaf/302543894,1216,PL_BN_books,,,,,,,False
Walc Jan,Walc,Jan,1948-09-22T00:00:00Z,1993-02-10T00:00:00Z,https://www.wikidata.org/wiki/Q1930187|https://www.wikidata.org/wiki/Q13570226|https://www.wikidata.org/wiki/Q4263842,https://www.wikidata.org/wiki/Q270,https://www.wikidata.org/wiki/Q270,https://www.wikidata.org/wiki/Q8441,https://www.wikidata.org/wiki/Q11719347,http://viaf.org/viaf/49302816,1217,PL_BezCenzury_articles;PL_BN_books,Biuletyn Jan,,,,,,False
Walicki Andrzej,Walicki,Andrzej,1930-05-15T00:00:00Z,2020-08-20T00:00:00Z,https://www.wikidata.org/wiki/Q4964182|https://www.wikidata.org/wiki/Q201788,https://www.wikidata.org/wiki/Q270,https://www.wikidata.org/wiki/Q270,https://www.wikidata.org/wiki/Q8441,https://www.wikidata.org/wiki/Q4102910,http://viaf.org/viaf/61559277,1218,PL_BN_books,,,,,Walicki A.,,False
Broniewski Stanisław,Broniewski,Stanisław,1915-12-29T00:00:00Z,2000-12-30T00:00:00Z,https://www.wikidata.org/wiki/Q1227195,https://www.wikidata.org/wiki/Q270,https://www.wikidata.org/wiki/Q270,https://www.wikidata.org/wiki/Q8441,https://www.wikidata.org/wiki/Q7599120,http://viaf.org/viaf/92126674,1219,PL_BN_books,Stefan Orsza|Orsza,,,,,,False
Hauke- Ligowski Aleksander,Hauke- Ligowski,Aleksander,,,,,,,,http://viaf.org/viaf/53682691,122,PL_BN_books,,,,,,,False
Waligórski Andrzej,Waligórski,Andrzej,1926-10-20T00:00:00Z,1992-05-10T00:00:00Z,https://www.wikidata.org/wiki/Q49757,https://www.wikidata.org/wiki/Q231593,https://www.wikidata.org/wiki/Q1799,https://www.wikidata.org/wiki/Q8441,https://www.wikidata.org/wiki/Q9153879,http://viaf.org/viaf/101721231,1220,PL_BN_books,,,,,,,False
Wall Aleksander,Wall,Aleksander,,,,,,,,http://viaf.org/viaf/303870895,1221,PL_BN_books,,,,,,,False
Wandy Kazimierz,Wandy,Kazimierz,,,,,,,,http://viaf.org/viaf/300476750,1223,PL_BN_books,,,,,,,False
Wandycz Piotr Stefan,Wandycz,Piotr Stefan,1923-09-20T00:00:00Z,2017-07-28T00:00:00Z❦2017-07-29T00:00:00Z,https://www.wikidata.org/wiki/Q1622272|https://www.wikidata.org/wiki/Q201788,https://www.wikidata.org/wiki/Q31487,https://www.wikidata.org/wiki/Q898484,https://www.wikidata.org/wiki/Q8441,https://www.wikidata.org/wiki/Q7197007,http://viaf.org/viaf/29562305,1224,PL_BN_books,,,,,Wandycz Piotr,,False
Waniek Henryk,Waniek,Henryk,1942-03-04T00:00:00Z,,https://www.wikidata.org/wiki/Q1028181,https://www.wikidata.org/wiki/Q7342,,https://www.wikidata.org/wiki/Q8441,https://www.wikidata.org/wiki/Q16557537,http://viaf.org/viaf/5879432,1225,PL_BN_books,,,,,,,False
Bruliński Władysław,Bruliński,Władysław,1915-12-15T00:00:00Z,1998-07-03T00:00:00Z,https://www.wikidata.org/wiki/Q4002659,https://www.wikidata.org/wiki/Q215633,https://www.wikidata.org/wiki/Q270,https://www.wikidata.org/wiki/Q8441,https://www.wikidata.org/wiki/Q9381728,http://viaf.org/viaf/33745624,1226,PL_BN_books,Znicz Władysław|Władysław Znicz|Oskar|Świadek historii|Znicz W.|W.Z.B.,,,,,,False
Wardecki Piotr Eugeniusz,Wardecki,Piotr Eugeniusz,,,,,,,,http://viaf.org/viaf/165995620,1227,PL_BN_books,,,,,,,False
Wardziński Mieczysław,Wardziński,Mieczysław,,,,,,,,http://viaf.org/viaf/303739017,1228,PL_BN_books,,,,,,,False
Warszawski Józef,Warszawski,Józef,1903-03-09T00:00:00Z,1997-11-01T00:00:00Z,https://www.wikidata.org/wiki/Q4964182,https://www.wikidata.org/wiki/Q1055,https://www.wikidata.org/wiki/Q270,https://www.wikidata.org/wiki/Q8441,https://www.wikidata.org/wiki/Q3504441,http://viaf.org/viaf/49266633,1229,PL_BN_books,,,,,,,False
Haupt Zygmunt,Haupt,Zygmunt,1907-03-05T00:00:00Z,1975-05-10T00:00:00Z,https://www.wikidata.org/wiki/Q36180|https://www.wikidata.org/wiki/Q1028181,https://www.wikidata.org/wiki/Q4470921,https://www.wikidata.org/wiki/Q492355,https://www.wikidata.org/wiki/Q8441,https://www.wikidata.org/wiki/Q4496630,http://viaf.org/viaf/7427754,123,PL_BN_books,,,,,,,False
Waruś Wiesław,Waruś,Wiesław,,,,,,,,http://viaf.org/viaf/249646788,1230,PL_BN_books,,,,,,,False
Wasielewski Dariusz,Wasielewski,Dariusz,1964,,,,,,,http://viaf.org/viaf/166803884,1231,PL_BN_books,,,,,,,False
Wasilewski Aleksander,Wasilewski,Aleksander,,,,,,,,http://viaf.org/viaf/311302157,1232,PL_BN_books,,,,,,,False
Christa Olgierd,Christa,Olgierd,1923-01-04T00:00:00Z,2004-11-09T00:00:00Z,,https://www.wikidata.org/wiki/Q216,,https://www.wikidata.org/wiki/Q8441,https://www.wikidata.org/wiki/Q17426405,http://viaf.org/viaf/102035413,1233,PL_BN_books,,,,,,,False
Sobolewski Henryk,Sobolewski,Henryk,,,,,,,,http://viaf.org/viaf/52104864,1234,PL_BN_books,,,,,,,False
Wasilewski Leon,Wasilewski,Leon,1870-08-24T00:00:00Z,1936-12-10T00:00:00Z,https://www.wikidata.org/wiki/Q12347522|https://www.wikidata.org/wiki/Q201788|https://www.wikidata.org/wiki/Q36180|https://www.wikidata.org/wiki/Q193391|https://www.wikidata.org/wiki/Q333634,https://www.wikidata.org/wiki/Q656,https://www.wikidata.org/wiki/Q270,https://www.wikidata.org/wiki/Q8441,https://www.wikidata.org/wiki/Q1397360,http://viaf.org/viaf/17271544,1235,PL_BN_books,Левко Васильчук,,,,,,False
Wasilewski Zygmunt,Wasilewski,Zygmunt,1865-04-29T00:00:00Z,1948-10-25T00:00:00Z,https://www.wikidata.org/wiki/Q82955,https://www.wikidata.org/wiki/Q7510780,https://www.wikidata.org/wiki/Q144786,https://www.wikidata.org/wiki/Q8441,https://www.wikidata.org/wiki/Q4104309,http://viaf.org/viaf/5450,1236,PL_BN_books,,,,,,,False
Wasiutyński Wojciech,Wasiutyński,Wojciech,1910-09-08T00:00:00Z,1994-08-19T00:00:00Z,https://www.wikidata.org/wiki/Q82955,https://www.wikidata.org/wiki/Q270,,https://www.wikidata.org/wiki/Q8441,https://www.wikidata.org/wiki/Q9376948,http://viaf.org/viaf/59991373,1237,PL_BN_books,Paweł Janecki|Lechno J.|J. Lechno,,,,,,False
Wat Aleksander,Wat,Aleksander,1900-05-01T00:00:00Z,1967-07-29T00:00:00Z,https://www.wikidata.org/wiki/Q49757|https://www.wikidata.org/wiki/Q36180|https://www.wikidata.org/wiki/Q14467526|https://www.wikidata.org/wiki/Q333634,https://www.wikidata.org/wiki/Q270,https://www.wikidata.org/wiki/Q90,https://www.wikidata.org/wiki/Q8441,https://www.wikidata.org/wiki/Q774029,http://viaf.org/viaf/93235237,1238,CZ_books;CZ_articles;PL_BN_books,,,,,,,False
Wat Paulina,Wat,Paulina,1903-04-26T00:00:00Z,1991-02-09T00:00:00Z,,https://www.wikidata.org/wiki/Q270,,https://www.wikidata.org/wiki/Q467,https://www.wikidata.org/wiki/Q11813810,http://viaf.org/viaf/54170768,1239,PL_BN_books,,,,,Watowa Ola|Watowa Ola Watowa Paulina|Watowa Paulina Watowa Ola,,False
"Havel, Václav",Havel,Václav,1936-10-05T00:00:00Z,2011-12-18T00:00:00Z,https://www.wikidata.org/wiki/Q487596|https://www.wikidata.org/wiki/Q3455803|https://www.wikidata.org/wiki/Q4964182|https://www.wikidata.org/wiki/Q49757|https://www.wikidata.org/wiki/Q36180|https://www.wikidata.org/wiki/Q2526255|https://www.wikidata.org/wiki/Q82955|https://www.wikidata.org/wiki/Q181043|https://www.wikidata.org/wiki/Q1476215|https://www.wikidata.org/wiki/Q11774202,https://www.wikidata.org/wiki/Q1085,https://www.wikidata.org/wiki/Q1632618,https://www.wikidata.org/wiki/Q8441,https://www.wikidata.org/wiki/Q36233,http://viaf.org/viaf/109312616,124,PL_BezCenzury_books;CZ_books;CZ_articles;PL_BezCenzury_articles;PL_BN_books,,,,,,,False
Watson George,Watson,George,1927-10-13T00:00:00Z,2013-08-02T00:00:00Z,https://www.wikidata.org/wiki/Q1066186|https://www.wikidata.org/wiki/Q36180|https://www.wikidata.org/wiki/Q201788|https://www.wikidata.org/wiki/Q4263842,https://www.wikidata.org/wiki/Q34932,https://www.wikidata.org/wiki/Q350,https://www.wikidata.org/wiki/Q8441,https://www.wikidata.org/wiki/Q15990345,http://viaf.org/viaf/276267047,1241,PL_BN_books,,,,,,,False
Anna Maria S.,Anna Maria S.,,,,,,,,,http://viaf.org/viaf/311302009,1244,PL_BN_books,,,,,,,False
Wegner Jacek,Wegner,Jacek,,,,,,,,http://viaf.org/viaf/311283295,1246,PL_BN_books,,,,,,,False
Weil Simone,Weil,Simone,1909-02-03T00:00:00Z,1943-08-24T00:00:00Z,https://www.wikidata.org/wiki/Q18814623|https://www.wikidata.org/wiki/Q2251335|https://www.wikidata.org/wiki/Q4964182|https://www.wikidata.org/wiki/Q49757|https://www.wikidata.org/wiki/Q36180|https://www.wikidata.org/wiki/Q18939491|https://www.wikidata.org/wiki/Q1397808|https://www.wikidata.org/wiki/Q7886765|https://www.wikidata.org/wiki/Q333634,https://www.wikidata.org/wiki/Q90,https://www.wikidata.org/wiki/Q725261,https://www.wikidata.org/wiki/Q467,https://www.wikidata.org/wiki/Q157309,http://viaf.org/viaf/2478298,1247,CZ_books;PL_BN_books,Émile Novis,,,,,,False
Weissberg- Cybulski Alexander,Weissberg- Cybulski,Alexander,1901-01-01T00:00:00Z,1964-01-01T00:00:00Z,https://www.wikidata.org/wiki/Q169470,https://www.wikidata.org/wiki/Q31487,https://www.wikidata.org/wiki/Q90,https://www.wikidata.org/wiki/Q8441,https://www.wikidata.org/wiki/Q85945,http://viaf.org/viaf/45095600,1248,PL_BN_books,,,,,,,False
Weizsäcker Richard von,Weizsäcker von,Richard,1920-04-15T00:00:00Z,2015-01-31T00:00:00Z,https://www.wikidata.org/wiki/Q82955|https://www.wikidata.org/wiki/Q380075|https://www.wikidata.org/wiki/Q47064,https://www.wikidata.org/wiki/Q695076,https://www.wikidata.org/wiki/Q64,https://www.wikidata.org/wiki/Q8441,https://www.wikidata.org/wiki/Q2567,http://viaf.org/viaf/7405153,1249,PL_BN_books,,,,,,,False
Wende Edward,Wende,Edward,1936-08-16T00:00:00Z,2002-05-28T00:00:00Z,https://www.wikidata.org/wiki/Q82955|https://www.wikidata.org/wiki/Q380075,https://www.wikidata.org/wiki/Q270,https://www.wikidata.org/wiki/Q270,https://www.wikidata.org/wiki/Q8441,https://www.wikidata.org/wiki/Q9251278,http://viaf.org/viaf/164221054,1250,PL_BN_books,,,,,,,False
Werfel Franz,Werfel,Franz,1890-09-10T00:00:00Z,1945-08-26T00:00:00Z,https://www.wikidata.org/wiki/Q487596|https://www.wikidata.org/wiki/Q49757|https://www.wikidata.org/wiki/Q36180|https://www.wikidata.org/wiki/Q28389|https://www.wikidata.org/wiki/Q18844224,https://www.wikidata.org/wiki/Q1085,https://www.wikidata.org/wiki/Q127856,https://www.wikidata.org/wiki/Q8441,https://www.wikidata.org/wiki/Q78514,http://viaf.org/viaf/34464361,1252,PL_BN_books,,,,,,,False
Werner Andrzej,Werner,Andrzej,1940-09-14T00:00:00Z,,https://www.wikidata.org/wiki/Q13570226|https://www.wikidata.org/wiki/Q4220892|https://www.wikidata.org/wiki/Q4220878|https://www.wikidata.org/wiki/Q4263842,https://www.wikidata.org/wiki/Q270,,https://www.wikidata.org/wiki/Q8441,https://www.wikidata.org/wiki/Q9153910,http://viaf.org/viaf/84282134,1253,PL_BN_books,,,,,,,False
Węgierski Edward,Węgierski,Edward,,,,,,,,http://viaf.org/viaf/167258280,1255,PL_BN_books,,,,,,,False
Węgierski Ludwik,Węgierski,Ludwik,,,,,,,,http://viaf.org/viaf/301787809,1256,PL_BN_books,,,,,,,False
Węglarski Jerzy,Węglarski,Jerzy,,,,,,,,http://viaf.org/viaf/301829355,1257,PL_BN_books,,,,,,,False
Węgrzyn Kazimierz Józef,Węgrzyn,Kazimierz Józef,,,,,,,,http://viaf.org/viaf/101745060,1258,PL_BN_books,,,,,,,False
Wiatr Antoni,Wiatr,Antoni,,,,,,,,http://viaf.org/viaf/302511678,1259,PL_BN_books,,,,,,,False
Wielhorski Władysław,Wielhorski,Władysław,1885-03-06T00:00:00Z,1967-12-13T00:00:00Z,https://www.wikidata.org/wiki/Q201788|https://www.wikidata.org/wiki/Q1238570,,https://www.wikidata.org/wiki/Q84,https://www.wikidata.org/wiki/Q8441,https://www.wikidata.org/wiki/Q9382378,http://viaf.org/viaf/101864983,1260,PL_BN_books,,,,,,,False
Wiernicki Edgar,Wiernicki,Edgar,,,,,,,,http://viaf.org/viaf/311120854,1261,PL_BN_books,,,,,,,False
Wiernikowski Andrzej,Wiernikowski,Andrzej,,,,,,,,http://viaf.org/viaf/311120840,1262,PL_BN_books,,,,,,,False
Wierzbiański Bolesław,Wierzbiański,Bolesław,1913-11-16T00:00:00Z,2003-03-26T00:00:00Z,https://www.wikidata.org/wiki/Q1930187,https://www.wikidata.org/wiki/Q1829972,https://www.wikidata.org/wiki/Q60,https://www.wikidata.org/wiki/Q8441,https://www.wikidata.org/wiki/Q7944382,http://viaf.org/viaf/116763200,1263,PL_BN_books,,,,,Wierzbiański Piotr,,False
Wierzbicki Piotr,Wierzbicki,Piotr,1935-11-05T00:00:00Z,,https://www.wikidata.org/wiki/Q1930187,https://www.wikidata.org/wiki/Q270,,https://www.wikidata.org/wiki/Q8441,https://www.wikidata.org/wiki/Q11818227,http://viaf.org/viaf/101745686,1264,PL_BN_books,,,,,,,False
Wierzchowska Wiesława,Wierzchowska,Wiesława,,,,,,,,http://viaf.org/viaf/27075585,1265,PL_BN_books,,,,,,,False
Wierzyński Kazimierz,Wierzyński,Kazimierz,1894-08-27T00:00:00Z,1969-02-13T00:00:00Z,https://www.wikidata.org/wiki/Q1930187|https://www.wikidata.org/wiki/Q49757|https://www.wikidata.org/wiki/Q36180|https://www.wikidata.org/wiki/Q12144794|https://www.wikidata.org/wiki/Q333634|https://www.wikidata.org/wiki/Q11774202,https://www.wikidata.org/wiki/Q158821,https://www.wikidata.org/wiki/Q23306,https://www.wikidata.org/wiki/Q8441,https://www.wikidata.org/wiki/Q2370712,http://viaf.org/viaf/68954389,1266,CZ_books;CZ_articles;PL_BN_books,,,,,,,False
Wildstein Bronisław,Wildstein,Bronisław,1952-06-11T00:00:00Z,,https://www.wikidata.org/wiki/Q36180|https://www.wikidata.org/wiki/Q1930187|https://www.wikidata.org/wiki/Q482980,https://www.wikidata.org/wiki/Q82765,,https://www.wikidata.org/wiki/Q8441,https://www.wikidata.org/wiki/Q321613,http://viaf.org/viaf/84204631,1267,CZ_articles;PL_BN_books,,,,,,,False
Wileńczyk Jacek,Wileńczyk,Jacek,,,,,,,,http://viaf.org/viaf/161855214,1268,PL_BN_books,,,,,,,False
Wilniuk Stanisław,Wilniuk,Stanisław,,,,,,,,http://viaf.org/viaf/301249219,1269,PL_BN_books,,,,,,,False
Wilson Ian,Wilson,Ian,1941-03-30T00:00:00Z,,https://www.wikidata.org/wiki/Q36180|https://www.wikidata.org/wiki/Q482980,https://www.wikidata.org/wiki/Q146659,,https://www.wikidata.org/wiki/Q8441,https://www.wikidata.org/wiki/Q1655671,http://viaf.org/viaf/273911721,1270,PL_BN_books,,,,,,,False
Wirpsza Aleksander,Wirpsza,Aleksander,1946-02-28T00:00:00Z,,https://www.wikidata.org/wiki/Q1930187|https://www.wikidata.org/wiki/Q49757|https://www.wikidata.org/wiki/Q333634,https://www.wikidata.org/wiki/Q31487,,https://www.wikidata.org/wiki/Q8441,https://www.wikidata.org/wiki/Q4520745,http://viaf.org/viaf/84224184,1271,PL_BezCenzury_articles;CZ_books;PL_BN_books,Spectator|Szaruga Leszek|Zawrat Krzysztof,,,,,,False
Wirski Stefan,Wirski,Stefan,,,,,,,,http://viaf.org/viaf/303097082,1273,PL_BN_books,,,,,,,False
Wiślicki Adam,Wiślicki,Adam,,,,,,,,http://viaf.org/viaf/300564313,1275,PL_BN_books,,,,,,,False
Wiśniewski Józef Henryk,Wiśniewski,Józef Henryk,1931-01-09T00:00:00Z,2016-01-23T00:00:00Z,https://www.wikidata.org/wiki/Q1930187|https://www.wikidata.org/wiki/Q49757,,,https://www.wikidata.org/wiki/Q8441,https://www.wikidata.org/wiki/Q11730344,http://viaf.org/viaf/102017267,1276,PL_BN_books,,,,,,,False
Wiśniewski Wojciech,Wiśniewski,Wojciech,,,,,,,,http://viaf.org/viaf/101944134,1277,PL_BN_books,Pilecki Witold,,,,,,False
"Witkiewicz, Stanisław Ignacy",Witkiewicz,Stanisław Ignacy,1885-02-24T00:00:00Z,1939-09-18T00:00:00Z,https://www.wikidata.org/wiki/Q487596|https://www.wikidata.org/wiki/Q1028181|https://www.wikidata.org/wiki/Q4964182|https://www.wikidata.org/wiki/Q49757|https://www.wikidata.org/wiki/Q36180|https://www.wikidata.org/wiki/Q17391638|https://www.wikidata.org/wiki/Q1792450|https://www.wikidata.org/wiki/Q33231,https://www.wikidata.org/wiki/Q270,https://www.wikidata.org/wiki/Q4106435,https://www.wikidata.org/wiki/Q8441,https://www.wikidata.org/wiki/Q381238,http://viaf.org/viaf/88039095,1278,CZ_books;CZ_articles;PL_BN_books,Witkacy|Stanisław Ignacy Witkacy,,,,,,False
Arendt Hannah,Arendt,Hannah,1906-10-14T00:00:00Z,1975-12-04T00:00:00Z,https://www.wikidata.org/wiki/Q201788|https://www.wikidata.org/wiki/Q4964182|https://www.wikidata.org/wiki/Q36180|https://www.wikidata.org/wiki/Q2306091|https://www.wikidata.org/wiki/Q1238570|https://www.wikidata.org/wiki/Q1622272|https://www.wikidata.org/wiki/Q482980|https://www.wikidata.org/wiki/Q15994177|https://www.wikidata.org/wiki/Q11774202,https://www.wikidata.org/wiki/Q18023391,https://www.wikidata.org/wiki/Q60,https://www.wikidata.org/wiki/Q467,https://www.wikidata.org/wiki/Q60025,http://viaf.org/viaf/105151053,1279,PL_BN_books,,,,,,,False
Witkowski P.,Witkowski,P.,,,,,,,,http://viaf.org/viaf/303308525,1281,PL_BN_books,,,,,,,False
Wittlin Tadeusz,Wittlin,Tadeusz,1909-06-19T00:00:00Z,1998-10-04T00:00:00Z,https://www.wikidata.org/wiki/Q36180,,,https://www.wikidata.org/wiki/Q8441,https://www.wikidata.org/wiki/Q9354995,http://viaf.org/viaf/7398589,1282,PL_BN_books,,,,,,,False
Wodecki Wiesław,Wodecki,Wiesław,1927-10-09T00:00:00Z,2010-12-31T00:00:00Z,https://www.wikidata.org/wiki/Q1930187,,,https://www.wikidata.org/wiki/Q8441,https://www.wikidata.org/wiki/Q9373632,http://viaf.org/viaf/101909598,1284,PL_BN_books,,,,,,,False
Wohl Paweł,Wohl,Paweł,,,,,,,,http://viaf.org/viaf/19250213,1285,PL_BN_books,,,,,,,False
Wojciechowski Klemens,Wojciechowski,Klemens,,,,,,,,http://viaf.org/viaf/311123097,1286,PL_BN_books,,,,,,,False
Wojnarowski Karol,Wojnarowski,Karol,,,,,,,,http://viaf.org/viaf/311120862,1287,PL_BN_books,,,,,,,False
Wolicki Krzysztof,Wolicki,Krzysztof,1925-09-19T00:00:00Z,2001-04-20T00:00:00Z,https://www.wikidata.org/wiki/Q1930187,,https://www.wikidata.org/wiki/Q270,https://www.wikidata.org/wiki/Q8441,https://www.wikidata.org/wiki/Q11749799,http://viaf.org/viaf/71633580,1289,PL_BN_books,Zey,,,,,,False
"Herbst, Lothar",Herbst,Lothar,1940-07-27T00:00:00Z,2000-04-27T00:00:00Z,https://www.wikidata.org/wiki/Q36180|https://www.wikidata.org/wiki/Q49757|https://www.wikidata.org/wiki/Q482980,https://www.wikidata.org/wiki/Q1799,https://www.wikidata.org/wiki/Q1799,https://www.wikidata.org/wiki/Q8441,https://www.wikidata.org/wiki/Q956463,http://viaf.org/viaf/43029018,129,CZ_articles;PL_BN_books,,,,,,,False
Wolniak Henryk,Wolniak,Henryk,1939-05-23T00:00:00Z,,https://www.wikidata.org/wiki/Q49757,,,https://www.wikidata.org/wiki/Q8441,https://www.wikidata.org/wiki/Q19698043,http://viaf.org/viaf/35631614,1290,PL_BN_books,,,,,,,False
Wolny Franciszek,Wolny,Franciszek,,,,,,,,http://viaf.org/viaf/291342980,1291,PL_BN_books,,,,,,,False
Wolska Kalina,Wolska,Kalina,,,,,,,,http://viaf.org/viaf/311120808,1292,PL_BN_books,,,,,,,False
Wołyński Olgierd,Wołyński,Olgierd,,,,,,,,http://viaf.org/viaf/1862151778206718130009,1293,PL_BN_books,,,,,,,False
Wołyński Wacław,Wołyński,Wacław,,,,,,,,http://viaf.org/viaf/164656830,1294,PL_BN_books,,,,,,,False
Woroszylski Wiktor,Woroszylski,Wiktor,1927-06-08T00:00:00Z❦1927-07-08T00:00:00Z,1996-09-13T00:00:00Z,https://www.wikidata.org/wiki/Q49757|https://www.wikidata.org/wiki/Q12144794|https://www.wikidata.org/wiki/Q333634,https://www.wikidata.org/wiki/Q181376,https://www.wikidata.org/wiki/Q270,https://www.wikidata.org/wiki/Q8441,https://www.wikidata.org/wiki/Q3568076,http://viaf.org/viaf/54950152,1295,CZ_books;CZ_articles;PL_BN_books,,,,,,,False
WOT,WOT,,,,,,,,,http://viaf.org/viaf/302025164,1296,PL_BN_books,,,,,,,True
Woźniak Piotr,Woźniak,Piotr,1912-01-01T00:00:00Z,1988-04-23T00:00:00Z,,,,https://www.wikidata.org/wiki/Q8441,https://www.wikidata.org/wiki/Q11818247,http://viaf.org/viaf/293680143,1297,PL_BN_books,Wir,,,,,,False
Wójcik Józef,Wójcik,Józef,1929-02-10T00:00:00Z,2015-01-01T00:00:00Z,,https://www.wikidata.org/wiki/Q1280831,,https://www.wikidata.org/wiki/Q8441,https://www.wikidata.org/wiki/Q11731661,http://viaf.org/viaf/143145304389578570182,1298,PL_BN_books,,,,,,,False
Wójcik Stanisław,Wójcik,Stanisław,1901,,,,,,,http://viaf.org/viaf/7617246,1299,PL_BN_books,,,,,,,False
Baden- Powell Robert,Baden- Powell,Robert,1857-02-22T00:00:00Z,1941-01-08T00:00:00Z,https://www.wikidata.org/wiki/Q1281618|https://www.wikidata.org/wiki/Q36180|https://www.wikidata.org/wiki/Q2540793|https://www.wikidata.org/wiki/Q82955|https://www.wikidata.org/wiki/Q4002659,https://www.wikidata.org/wiki/Q84,https://www.wikidata.org/wiki/Q380130,https://www.wikidata.org/wiki/Q8441,https://www.wikidata.org/wiki/Q12665,http://viaf.org/viaf/122004815,13,PL_BN_books,Mhala Parzi|B.-P.|Stephe|BiPi|Kanatankis|Impeesa,,,,,,False
Herling- Grudziński Gustaw,Herling- Grudziński,Gustaw,1919-05-20T00:00:00Z,2000-07-04T00:00:00Z,https://www.wikidata.org/wiki/Q1930187|https://www.wikidata.org/wiki/Q49757|https://www.wikidata.org/wiki/Q36180|https://www.wikidata.org/wiki/Q4263842,https://www.wikidata.org/wiki/Q102317,https://www.wikidata.org/wiki/Q2634,https://www.wikidata.org/wiki/Q8441,https://www.wikidata.org/wiki/Q2474166,http://viaf.org/viaf/17223996,130,CZ_articles;PL_BN_books,,,,,,,False
Wójcik Zbigniew,Wójcik,Zbigniew,1922-10-29T00:00:00Z,2014-03-22T00:00:00Z,https://www.wikidata.org/wiki/Q201788,https://www.wikidata.org/wiki/Q270,https://www.wikidata.org/wiki/Q270,https://www.wikidata.org/wiki/Q8441,https://www.wikidata.org/wiki/Q9388416,http://viaf.org/viaf/311406363,1300,PL_BN_books,,,,,,,False
"Wujec, Henryk",Wujec,Henryk,1940-12-25T00:00:00Z,2020-08-15T00:00:00Z,https://www.wikidata.org/wiki/Q7886765|https://www.wikidata.org/wiki/Q82955|https://www.wikidata.org/wiki/Q169470,https://www.wikidata.org/wiki/Q7206881,https://www.wikidata.org/wiki/Q270,https://www.wikidata.org/wiki/Q8441,https://www.wikidata.org/wiki/Q9288874,http://viaf.org/viaf/102222261,1301,CZ_articles;PL_BN_books,,,,,,,False
Wujek,Wujek,,,,,,,,,http://viaf.org/viaf/161519656,1302,PL_BN_books,,,,,,,False
Wyrobek Zygmunt,Wyrobek,Zygmunt,1872-03-03T00:00:00Z,1939-02-19T00:00:00Z,https://www.wikidata.org/wiki/Q92904236|https://www.wikidata.org/wiki/Q859528,https://www.wikidata.org/wiki/Q31487,https://www.wikidata.org/wiki/Q31487,https://www.wikidata.org/wiki/Q8441,https://www.wikidata.org/wiki/Q9393178,http://viaf.org/viaf/101705075,1303,PL_BN_books,,,,,,,False
Wysocki Stefan,Wysocki,Stefan,,,,,,,,http://viaf.org/viaf/49698513,1304,PL_BN_books,,,,,,,False
Wysocki Wiesław Jan,Wysocki,Wiesław Jan,1950-06-18T00:00:00Z,,https://www.wikidata.org/wiki/Q201788,https://www.wikidata.org/wiki/Q109992,,https://www.wikidata.org/wiki/Q8441,https://www.wikidata.org/wiki/Q9373638,http://viaf.org/viaf/69345974,1305,PL_BN_books,,,,,,,False
Wyszkowski Krzysztof,Wyszkowski,Krzysztof,1947-11-10T00:00:00Z,,https://www.wikidata.org/wiki/Q6051619,https://www.wikidata.org/wiki/Q745085,,https://www.wikidata.org/wiki/Q8441,https://www.wikidata.org/wiki/Q11749812,http://viaf.org/viaf/161970907,1306,PL_BN_books,,,,,,,False
Wyszomirski Rafał,Wyszomirski,Rafał,,,,,,,,http://viaf.org/viaf/300570773,1308,PL_BN_books,,,,,,,False
Wyszyński Stefan,Wyszyński,Stefan,1901-08-03T00:00:00Z,1981-05-28T00:00:00Z,https://www.wikidata.org/wiki/Q250867|https://www.wikidata.org/wiki/Q36180|https://www.wikidata.org/wiki/Q25393460,https://www.wikidata.org/wiki/Q2111250,https://www.wikidata.org/wiki/Q270,https://www.wikidata.org/wiki/Q8441,https://www.wikidata.org/wiki/Q165522,http://viaf.org/viaf/112935997,1309,CZ_books;CZ_articles;PL_BN_books,,,,,,,False
Michnik Adam,Michnik,Adam,1946-10-17T00:00:00Z,,https://www.wikidata.org/wiki/Q1930187|https://www.wikidata.org/wiki/Q201788|https://www.wikidata.org/wiki/Q36180|https://www.wikidata.org/wiki/Q7886765|https://www.wikidata.org/wiki/Q82955,https://www.wikidata.org/wiki/Q270,,https://www.wikidata.org/wiki/Q8441,https://www.wikidata.org/wiki/Q163714,http://viaf.org/viaf/102375292,131,PL_BezCenzury_articles;CZ_books;CZ_articles;PL_BN_books,Andrzej Zagozda|Andrzej Jagodziński,,,,,,False
Zadra Janusz,Zadra,Janusz,,,,,,,,http://viaf.org/viaf/302464392,1311,PL_BN_books,,,,,,,False
Zagajewski Adam,Zagajewski,Adam,1945-06-21T00:00:00Z,2021-03-21T00:00:00Z,https://www.wikidata.org/wiki/Q49757|https://www.wikidata.org/wiki/Q36180|https://www.wikidata.org/wiki/Q14467526|https://www.wikidata.org/wiki/Q1622272|https://www.wikidata.org/wiki/Q482980|https://www.wikidata.org/wiki/Q333634|https://www.wikidata.org/wiki/Q6625963|https://www.wikidata.org/wiki/Q11774202,https://www.wikidata.org/wiki/Q36036,https://www.wikidata.org/wiki/Q31487,https://www.wikidata.org/wiki/Q8441,https://www.wikidata.org/wiki/Q351222,http://viaf.org/viaf/49235159,1312,PL_BezCenzury_articles;CZ_books;PL_BN_books,,,,,,,False
Zagórski Andrzej,Zagórski,Andrzej,1926-01-01T00:00:00Z,2007-10-08T00:00:00Z,https://www.wikidata.org/wiki/Q201788,https://www.wikidata.org/wiki/Q815903,https://www.wikidata.org/wiki/Q31487,https://www.wikidata.org/wiki/Q8441,https://www.wikidata.org/wiki/Q9154071,http://viaf.org/viaf/101752028,1313,PL_BN_books,,,,,,,False
Zagórski Jerzy,Zagórski,Jerzy,1907-12-13T00:00:00Z,1984-08-15T00:00:00Z❦1984-08-05T00:00:00Z,https://www.wikidata.org/wiki/Q49757|https://www.wikidata.org/wiki/Q14467526|https://www.wikidata.org/wiki/Q333634,https://www.wikidata.org/wiki/Q1899,https://www.wikidata.org/wiki/Q270,https://www.wikidata.org/wiki/Q8441,https://www.wikidata.org/wiki/Q6185588,http://viaf.org/viaf/13256642,1314,PL_BN_books,,,,,,,False
Zagórski Wacław,Zagórski,Wacław,1909-01-01T00:00:00Z,1982-01-01T00:00:00Z,https://www.wikidata.org/wiki/Q1930187|https://www.wikidata.org/wiki/Q380075|https://www.wikidata.org/wiki/Q36180,https://www.wikidata.org/wiki/Q1899,https://www.wikidata.org/wiki/Q84,https://www.wikidata.org/wiki/Q8441,https://www.wikidata.org/wiki/Q7958904,http://viaf.org/viaf/43083711,1315,PL_BN_books,Grzybowski Lech,,,,,,False
Zakrzewska Helena,Zakrzewska,Helena,1880-01-01T00:00:00Z,1952-01-01T00:00:00Z,https://www.wikidata.org/wiki/Q36180,,,https://www.wikidata.org/wiki/Q467,https://www.wikidata.org/wiki/Q11708838,http://viaf.org/viaf/74264185,1317,PL_BN_books,,,,,,,False
Brus Włodzimierz,Brus,Włodzimierz,1921-08-23T00:00:00Z,2007-08-31T00:00:00Z,https://www.wikidata.org/wiki/Q1227195,https://www.wikidata.org/wiki/Q104725,https://www.wikidata.org/wiki/Q34217,https://www.wikidata.org/wiki/Q8441,https://www.wikidata.org/wiki/Q8041327,http://viaf.org/viaf/68944392,1318,PL_BN_books,,,,,,,False
Zaleski Leszek,Zaleski,Leszek,,,,,,,,http://viaf.org/viaf/30150516644403440650,1319,PL_BN_books,,,,,,,False
Hertz Aleksander,Hertz,Aleksander,1895-12-03T00:00:00Z,1983-05-16T00:00:00Z,https://www.wikidata.org/wiki/Q10379007|https://www.wikidata.org/wiki/Q6051619|https://www.wikidata.org/wiki/Q2306091|https://www.wikidata.org/wiki/Q15980158,https://www.wikidata.org/wiki/Q270,https://www.wikidata.org/wiki/Q60,https://www.wikidata.org/wiki/Q8441,https://www.wikidata.org/wiki/Q11685033,http://viaf.org/viaf/56738263,132,CZ_books;PL_BN_books,,,,,,,False
Zaleski- Isakowicz Tadeusz,Zaleski- Isakowicz,Tadeusz,1956-09-07T00:00:00Z,,https://www.wikidata.org/wiki/Q7886765|https://www.wikidata.org/wiki/Q49757,https://www.wikidata.org/wiki/Q31487,,https://www.wikidata.org/wiki/Q8441,https://www.wikidata.org/wiki/Q3692537,http://viaf.org/viaf/84286579,1320,CZ_articles;PL_BN_books,,,,,,,False
Zamjatin Evgenij Ivanovič,Zamjatin,Evgenij Ivanovič,1884-02-01T00:00:00Z,1937-03-10T00:00:00Z,https://www.wikidata.org/wiki/Q487596|https://www.wikidata.org/wiki/Q4263842|https://www.wikidata.org/wiki/Q36180|https://www.wikidata.org/wiki/Q12144794|https://www.wikidata.org/wiki/Q8178443|https://www.wikidata.org/wiki/Q28389|https://www.wikidata.org/wiki/Q6625963|https://www.wikidata.org/wiki/Q9334029|https://www.wikidata.org/wiki/Q6051619|https://www.wikidata.org/wiki/Q81096|https://www.wikidata.org/wiki/Q18844224,https://www.wikidata.org/wiki/Q157447,https://www.wikidata.org/wiki/Q194420,https://www.wikidata.org/wiki/Q8441,https://www.wikidata.org/wiki/Q204868,http://viaf.org/viaf/7398660,1322,PL_BN_books,,,,,Zamiatin Eugeniusz|Zamiatin Jewgienij,,False
Zamorski Kazimierz,Zamorski,Kazimierz,1914-02-05T00:00:00Z,2000-01-01T00:00:00Z,,,,https://www.wikidata.org/wiki/Q8441,https://www.wikidata.org/wiki/Q59531386,http://viaf.org/viaf/59130608,1323,PL_BN_books,,,,,,,False
Bryll Ernest,Bryll,Ernest,1935-03-01T00:00:00Z,,https://www.wikidata.org/wiki/Q487596|https://www.wikidata.org/wiki/Q1930187|https://www.wikidata.org/wiki/Q49757|https://www.wikidata.org/wiki/Q36180|https://www.wikidata.org/wiki/Q193391|https://www.wikidata.org/wiki/Q482980|https://www.wikidata.org/wiki/Q333634|https://www.wikidata.org/wiki/Q11774202,https://www.wikidata.org/wiki/Q270,,https://www.wikidata.org/wiki/Q8441,https://www.wikidata.org/wiki/Q597863,http://viaf.org/viaf/276892060,1324,CZ_books;CZ_articles;PL_BN_books,,,,,,,False
Starzewski Stanisław,Starzewski,Stanisław,1914-01-01T00:00:00Z,1972-01-01T00:00:00Z,,,,https://www.wikidata.org/wiki/Q8441,https://www.wikidata.org/wiki/Q97065943,http://viaf.org/viaf/101789831,1325,PL_BN_books,,,,,,,False
Zaremba Paweł,Zaremba,Paweł,1915-10-12T00:00:00Z,1979-04-23T00:00:00Z,https://www.wikidata.org/wiki/Q1930187|https://www.wikidata.org/wiki/Q380075|https://www.wikidata.org/wiki/Q201788,https://www.wikidata.org/wiki/Q656,https://www.wikidata.org/wiki/Q1726,https://www.wikidata.org/wiki/Q8441,https://www.wikidata.org/wiki/Q7156225,http://viaf.org/viaf/33337378,1327,PL_BN_books,,,,,Zaręba Paweł,,False
Zaremba Zygmunt,Zaremba,Zygmunt,1895-01-01T00:00:00Z,1967-10-05T00:00:00Z,https://www.wikidata.org/wiki/Q82955,https://www.wikidata.org/wiki/Q158004,https://www.wikidata.org/wiki/Q370498,https://www.wikidata.org/wiki/Q8441,https://www.wikidata.org/wiki/Q8075825,http://viaf.org/viaf/116510830,1328,PL_BN_books,,,,,,,False
Zawieja Andrzej,Zawieja,Andrzej,,,,,,,,http://viaf.org/viaf/8690159248327704870003,1330,PL_BN_books,,,,,,,False
Zawilec Wojciech,Zawilec,Wojciech,,,,,,,,http://viaf.org/viaf/302087097,1331,PL_BN_books,,,,,,,False
Zawodny Janusz Kazimierz,Zawodny,Janusz Kazimierz,1921-12-11T00:00:00Z,2012-04-08T00:00:00Z,https://www.wikidata.org/wiki/Q4991371|https://www.wikidata.org/wiki/Q201788|https://www.wikidata.org/wiki/Q1238570,https://www.wikidata.org/wiki/Q270,https://www.wikidata.org/wiki/Q1502728,https://www.wikidata.org/wiki/Q8441,https://www.wikidata.org/wiki/Q7944558,http://viaf.org/viaf/84264623,1332,PL_BN_books,,,,,,,False
Zbyszewska Zofia,Zbyszewska,Zofia,1905-01-01T00:00:00Z,1984-01-01T00:00:00Z,https://www.wikidata.org/wiki/Q201788,,,https://www.wikidata.org/wiki/Q467,https://www.wikidata.org/wiki/Q9391901,http://viaf.org/viaf/72519266,1334,PL_BN_books,Długosz Jan,,,,,,False
Zdun Nowosław,Zdun,Nowosław,,,,,,,,http://viaf.org/viaf/251366381,1335,PL_BN_books,,,,,,,False
Zdziechowski Jerzy,Zdziechowski,Jerzy,1880-08-27T00:00:00Z,1975-04-25T00:00:00Z,https://www.wikidata.org/wiki/Q82955|https://www.wikidata.org/wiki/Q1227195,https://www.wikidata.org/wiki/Q4388416,https://www.wikidata.org/wiki/Q31487,https://www.wikidata.org/wiki/Q8441,https://www.wikidata.org/wiki/Q6185597,http://viaf.org/viaf/64372831,1336,PL_BN_books,,,,,,,False
Zdziechowski Marian,Zdziechowski,Marian,1861-05-12T00:00:00Z,1938-10-05T00:00:00Z,https://www.wikidata.org/wiki/Q4964182|https://www.wikidata.org/wiki/Q201788|https://www.wikidata.org/wiki/Q13418253|https://www.wikidata.org/wiki/Q14467526,https://www.wikidata.org/wiki/Q1817324,https://www.wikidata.org/wiki/Q216,https://www.wikidata.org/wiki/Q8441,https://www.wikidata.org/wiki/Q118236,http://viaf.org/viaf/22151522,1337,PL_BN_books,,,,,,,False
Zebrowski George,Zebrowski,George,1945-12-28T00:00:00Z,,https://www.wikidata.org/wiki/Q6625963|https://www.wikidata.org/wiki/Q36180|https://www.wikidata.org/wiki/Q18844224,https://www.wikidata.org/wiki/Q483522,,https://www.wikidata.org/wiki/Q8441,https://www.wikidata.org/wiki/Q3102027,http://viaf.org/viaf/92938481,1338,PL_BN_books,,,,,,,False
Zieliński Jan,Zieliński,Jan,1952-06-19T00:00:00Z,,https://www.wikidata.org/wiki/Q4263842,https://www.wikidata.org/wiki/Q385,,https://www.wikidata.org/wiki/Q8441,https://www.wikidata.org/wiki/Q11719541,http://viaf.org/viaf/61561411,1339,PL_BN_books,Kowalski Jan|Jan Kowalski,,,,,,False
Heydel Adam,Heydel,Adam,1893-12-06T00:00:00Z,1941-03-14T00:00:00Z,https://www.wikidata.org/wiki/Q1622272|https://www.wikidata.org/wiki/Q1227195,https://www.wikidata.org/wiki/Q104740,https://www.wikidata.org/wiki/Q7341,https://www.wikidata.org/wiki/Q8441,https://www.wikidata.org/wiki/Q349753,http://viaf.org/viaf/84571867,134,PL_BN_books,,,,,,,False
Zieliński Janusz Giedymin,Zieliński,Janusz Giedymin,,,,,,,,http://viaf.org/viaf/303712583,1340,PL_BN_books,,,,,,,False
Zieliński Tadeusz,Zieliński,Tadeusz,1926-06-19T00:00:00Z,2003-09-28T00:00:00Z,https://www.wikidata.org/wiki/Q82955|https://www.wikidata.org/wiki/Q185351,https://www.wikidata.org/wiki/Q31487,https://www.wikidata.org/wiki/Q31487,https://www.wikidata.org/wiki/Q8441,https://www.wikidata.org/wiki/Q9355069,http://viaf.org/viaf/79110198,1341,PL_BN_books,,,,,,,False
Ziembiński Wojciech,Ziembiński,Wojciech,1925-03-22T00:00:00Z,2001-01-13T00:00:00Z,https://www.wikidata.org/wiki/Q1930187,https://www.wikidata.org/wiki/Q305067,https://www.wikidata.org/wiki/Q270,https://www.wikidata.org/wiki/Q8441,https://www.wikidata.org/wiki/Q9377008,http://viaf.org/viaf/21260614,1342,PL_BN_books,,,,,,,False
Ziemian Józef,Ziemian,Józef,,,,,,,,http://viaf.org/viaf/59333643,1343,PL_BN_books,,,,,,,False
Ziemkowski Aleksander,Ziemkowski,Aleksander,1914-01-01T00:00:00Z,2000-01-01T00:00:00Z,https://www.wikidata.org/wiki/Q201788|https://www.wikidata.org/wiki/Q42973,https://www.wikidata.org/wiki/Q717938,https://www.wikidata.org/wiki/Q268,https://www.wikidata.org/wiki/Q8441,https://www.wikidata.org/wiki/Q11685139,http://viaf.org/viaf/86261867,1344,PL_BN_books,,,,,,,False
Zientara Benedykt,Zientara,Benedykt,1928-06-15T00:00:00Z,1983-05-11T00:00:00Z,https://www.wikidata.org/wiki/Q3332711,https://www.wikidata.org/wiki/Q7116796,https://www.wikidata.org/wiki/Q270,https://www.wikidata.org/wiki/Q8441,https://www.wikidata.org/wiki/Q7946062,http://viaf.org/viaf/44319773,1345,PL_BN_books,,,,,,,False
Zimand Roman,Zimand,Roman,1926-11-16T00:00:00Z,1992-04-08T00:00:00Z,https://www.wikidata.org/wiki/Q1930187|https://www.wikidata.org/wiki/Q13570226|https://www.wikidata.org/wiki/Q181043|https://www.wikidata.org/wiki/Q4263842,https://www.wikidata.org/wiki/Q36036,https://www.wikidata.org/wiki/Q270,https://www.wikidata.org/wiki/Q8441,https://www.wikidata.org/wiki/Q9312699,http://viaf.org/viaf/76324588,1346,PL_BezCenzury_articles;CZ_articles;PL_BN_books,Leopolita,,,,,,False
Zinov'ev Aleksandr Aleksandrovič,Zinov'ev,Aleksandr Aleksandrovič,1922-10-29T00:00:00Z,2006-05-10T00:00:00Z,https://www.wikidata.org/wiki/Q4964182|https://www.wikidata.org/wiki/Q36180|https://www.wikidata.org/wiki/Q2306091|https://www.wikidata.org/wiki/Q1622272|https://www.wikidata.org/wiki/Q82955|https://www.wikidata.org/wiki/Q3658608|https://www.wikidata.org/wiki/Q14565331|https://www.wikidata.org/wiki/Q9334029|https://www.wikidata.org/wiki/Q6051619,https://www.wikidata.org/wiki/Q198145,https://www.wikidata.org/wiki/Q649,https://www.wikidata.org/wiki/Q8441,https://www.wikidata.org/wiki/Q449538,http://viaf.org/viaf/108124917,1347,PL_BN_books,,,,,Zinowiew Aleksander,,False
Zinov'ev Kirill,Zinov'ev,Kirill,,,,,,,,http://viaf.org/viaf/5502159248258604870003,1348,PL_BN_books,Fitzlyon Kirill,,,,Zinowiew Kiriłł Fitz Lyon,,False
Ziomecki Zbigniew,Ziomecki,Zbigniew,1930-02-19T00:00:00Z,2015-06-03T00:00:00Z,https://www.wikidata.org/wiki/Q644687|https://www.wikidata.org/wiki/Q3658608,,,https://www.wikidata.org/wiki/Q8441,https://www.wikidata.org/wiki/Q9388443,http://viaf.org/viaf/166394356,1349,PL_BN_books,Gall Andrzej,,,,,,False
Zlatkes Gwido,Zlatkes,Gwido,,,,,,,,http://viaf.org/viaf/49283028,1350,PL_BN_books,,,,,,,False
Znamierowski Alfred,Znamierowski,Alfred,1940-06-21T00:00:00Z,2019-10-23T00:00:00Z,https://www.wikidata.org/wiki/Q1930187|https://www.wikidata.org/wiki/Q516463|https://www.wikidata.org/wiki/Q36180,https://www.wikidata.org/wiki/Q270,https://www.wikidata.org/wiki/Q1085,https://www.wikidata.org/wiki/Q8441,https://www.wikidata.org/wiki/Q4723678,http://viaf.org/viaf/15185003,1351,PL_BN_books,,,,,,,False
Brzeziński Zbigniew K.,Brzeziński,Zbigniew K.,1928-03-28T00:00:00Z,2017-05-26T00:00:00Z,https://www.wikidata.org/wiki/Q16947320|https://www.wikidata.org/wiki/Q1231865|https://www.wikidata.org/wiki/Q1238570|https://www.wikidata.org/wiki/Q1622272|https://www.wikidata.org/wiki/Q6430706|https://www.wikidata.org/wiki/Q482980,https://www.wikidata.org/wiki/Q270,https://www.wikidata.org/wiki/Q408744,https://www.wikidata.org/wiki/Q8441,https://www.wikidata.org/wiki/Q168041,http://viaf.org/viaf/34581946,1352,CZ_books;CZ_articles;PL_BN_books,,,,,,,False
Znamierowski Czesław,Znamierowski,Czesław,1888-01-01T00:00:00Z❦1888-05-08T00:00:00Z,1967-09-26T00:00:00Z❦1967-01-01T00:00:00Z,https://www.wikidata.org/wiki/Q4964182|https://www.wikidata.org/wiki/Q2306091|https://www.wikidata.org/wiki/Q185351,https://www.wikidata.org/wiki/Q270,https://www.wikidata.org/wiki/Q268,https://www.wikidata.org/wiki/Q8441,https://www.wikidata.org/wiki/Q5202134,http://viaf.org/viaf/9887798,1353,PL_BN_books,,,,,,,False
Znaniecki Florian,Znaniecki,Florian,1882-01-15T00:00:00Z,1958-03-23T00:00:00Z,https://www.wikidata.org/wiki/Q1622272|https://www.wikidata.org/wiki/Q4964182|https://www.wikidata.org/wiki/Q2306091,https://www.wikidata.org/wiki/Q8082300,https://www.wikidata.org/wiki/Q462184,https://www.wikidata.org/wiki/Q8441,https://www.wikidata.org/wiki/Q599197,http://viaf.org/viaf/27082540,1354,PL_BN_books,,,,,,,False
Zułowski Mieczysław,Zułowski,Mieczysław,,,,,,,,http://viaf.org/viaf/68051003,1355,PL_BN_books,,,,,Żułowski Mieczysław,,False
Zweig Ferdynand,Zweig,Ferdynand,1896-06-23T00:00:00Z,1988-06-09T00:00:00Z,https://www.wikidata.org/wiki/Q1622272|https://www.wikidata.org/wiki/Q1227195|https://www.wikidata.org/wiki/Q2306091,https://www.wikidata.org/wiki/Q31487,https://www.wikidata.org/wiki/Q84,https://www.wikidata.org/wiki/Q8441,https://www.wikidata.org/wiki/Q1406132,http://viaf.org/viaf/108725750,1356,PL_BN_books,,,,,,,False
Zwoźniak Zdzisław,Zwoźniak,Zdzisław,1930-07-05T00:00:00Z,2007-05-02T00:00:00Z,https://www.wikidata.org/wiki/Q1930187|https://www.wikidata.org/wiki/Q201788,https://www.wikidata.org/wiki/Q105060,,https://www.wikidata.org/wiki/Q8441,https://www.wikidata.org/wiki/Q9389916,http://viaf.org/viaf/70239329,1357,PL_BN_books,KA-ZET|Mirski Aleksander,,,,,,False
Zwoźniakowa Renata,Zwoźniakowa,Renata,1930-01-01T00:00:00Z,1997-01-06T00:00:00Z,,,,https://www.wikidata.org/wiki/Q467,https://www.wikidata.org/wiki/Q55388713,http://viaf.org/viaf/101854374,1358,PL_BN_books,,,,,,,False
Hlebowicz Henryk,Hlebowicz,Henryk,1904-07-01T00:00:00Z,1941-11-09T00:00:00Z,https://www.wikidata.org/wiki/Q42603,https://www.wikidata.org/wiki/Q181376,https://www.wikidata.org/wiki/Q19313,https://www.wikidata.org/wiki/Q8441,https://www.wikidata.org/wiki/Q3483612,http://viaf.org/viaf/30431832,136,PL_BN_books,,,,,,,False
Żak Leszek,Żak,Leszek,,,,,,,,http://viaf.org/viaf/250365568,1360,PL_BN_books,,,,,,,False
Żakiewicz Maciej,Żakiewicz,Maciej,,,,,,,,http://viaf.org/viaf/101666965,1361,PL_BN_books,,,,,,,False
Żakowski Jacek,Żakowski,Jacek,1957-08-17T00:00:00Z,,https://www.wikidata.org/wiki/Q1930187,https://www.wikidata.org/wiki/Q270,,https://www.wikidata.org/wiki/Q8441,https://www.wikidata.org/wiki/Q1676938,http://viaf.org/viaf/36972492,1362,CZ_books;PL_BN_books,,,,,,,False
Żelazny Walter,Żelazny,Walter,1950-01-01T00:00:00Z,,https://www.wikidata.org/wiki/Q860918|https://www.wikidata.org/wiki/Q2306091,https://www.wikidata.org/wiki/Q598,,https://www.wikidata.org/wiki/Q8441,https://www.wikidata.org/wiki/Q9370713,http://viaf.org/viaf/101992576,1363,PL_BN_books,,,,,,,False
Żeleński Władysław,Żeleński,Władysław,1903-07-11T00:00:00Z,2006-06-25T00:00:00Z,https://www.wikidata.org/wiki/Q380075|https://www.wikidata.org/wiki/Q201788,https://www.wikidata.org/wiki/Q4288770,https://www.wikidata.org/wiki/Q90,https://www.wikidata.org/wiki/Q8441,https://www.wikidata.org/wiki/Q8041267,http://viaf.org/viaf/101842613,1364,PL_BN_books,,,,,,,False
Żeromski Stefan,Żeromski,Stefan,1864-10-14T00:00:00Z,1925-11-20T00:00:00Z,https://www.wikidata.org/wiki/Q487596|https://www.wikidata.org/wiki/Q18939491|https://www.wikidata.org/wiki/Q36180|https://www.wikidata.org/wiki/Q18844224,https://www.wikidata.org/wiki/Q102317,https://www.wikidata.org/wiki/Q270,https://www.wikidata.org/wiki/Q8441,https://www.wikidata.org/wiki/Q366040,http://viaf.org/viaf/189239633,1365,PL_BN_books,Maurycy Zych|Stefan Iksmoreż|Józef Katerla,,,,,,False
Żmudzki Bronisław,Żmudzki,Bronisław,,,,,,,,http://viaf.org/viaf/300914295,1366,PL_BN_books,,,,,,,False
Żochowski Stanisław,Żochowski,Stanisław,1908-01-01T00:00:00Z,2003-01-01T00:00:00Z,https://www.wikidata.org/wiki/Q1930187,https://www.wikidata.org/wiki/Q215633,,https://www.wikidata.org/wiki/Q8441,https://www.wikidata.org/wiki/Q9343551,http://viaf.org/viaf/101744163,1367,PL_BN_books,,,,,,,False
Żółtaniecki Ryszard,Żółtaniecki,Ryszard,1951-11-06T00:00:00Z,2020-01-25T00:00:00Z,https://www.wikidata.org/wiki/Q49757|https://www.wikidata.org/wiki/Q2306091,https://www.wikidata.org/wiki/Q287764,https://www.wikidata.org/wiki/Q270,https://www.wikidata.org/wiki/Q8441,https://www.wikidata.org/wiki/Q9325088,http://viaf.org/viaf/164469148,1368,PL_BN_books,,,,,,,False
Żukowski Tadeusz,Żukowski,Tadeusz,1955-01-01T00:00:00Z,,https://www.wikidata.org/wiki/Q49757,,,https://www.wikidata.org/wiki/Q8441,https://www.wikidata.org/wiki/Q9355117,http://viaf.org/viaf/162223228,1369,PL_BN_books,,,,,,,False
Hlond August,Hlond,August,1881-07-05T00:00:00Z,1948-10-22T00:00:00Z,https://www.wikidata.org/wiki/Q250867|https://www.wikidata.org/wiki/Q1234713,https://www.wikidata.org/wiki/Q9396024,https://www.wikidata.org/wiki/Q270,https://www.wikidata.org/wiki/Q8441,https://www.wikidata.org/wiki/Q508834,http://viaf.org/viaf/49261730,137,PL_BN_books,,,,,,,False
Żurko Jerzy,Żurko,Jerzy,,,,,,,,http://viaf.org/viaf/71050410,1372,PL_BN_books,,,,,,,False
Życiński Józef,Życiński,Józef,1947-09-01T00:00:00Z❦1948-09-01T00:00:00Z,2011-02-10T00:00:00Z,https://www.wikidata.org/wiki/Q250867|https://www.wikidata.org/wiki/Q1622272|https://www.wikidata.org/wiki/Q4964182|https://www.wikidata.org/wiki/Q25393460,https://www.wikidata.org/wiki/Q7066158,https://www.wikidata.org/wiki/Q220,https://www.wikidata.org/wiki/Q8441,https://www.wikidata.org/wiki/Q978398,http://viaf.org/viaf/36963183,1373,PL_BN_books,,,,,,,False
Woźnicki Andrzej,Woźnicki,Andrzej,1931-01-01T00:00:00Z,,,,,,https://www.wikidata.org/wiki/Q93239574,http://viaf.org/viaf/28778344,1375,PL_BN_books,,,,,,,False
Głuchowski Jan,Głuchowski,Jan,1940-03-16T00:00:00Z,,https://www.wikidata.org/wiki/Q36180,https://www.wikidata.org/wiki/Q25797,,https://www.wikidata.org/wiki/Q8441,https://www.wikidata.org/wiki/Q11717650,http://viaf.org/viaf/7433963,1376,PL_BN_books,,,,,,,False
Hłasko Marek,Hłasko,Marek,1934-01-13T00:00:00Z❦1934-01-14T00:00:00Z,1969-06-14T00:00:00Z,https://www.wikidata.org/wiki/Q36180|https://www.wikidata.org/wiki/Q28389,https://www.wikidata.org/wiki/Q270,https://www.wikidata.org/wiki/Q1721,https://www.wikidata.org/wiki/Q8441,https://www.wikidata.org/wiki/Q704005,http://viaf.org/viaf/32010853,138,CZ_books;CZ_articles;PL_BN_books,,,,,,,False
Saski Marek,Saski,Marek,,,,,,,,http://viaf.org/viaf/302931931,1380,PL_BN_books,,,,,,,False
Pajestka- Kojder Ewa,Pajestka- Kojder,Ewa,,,,,,,,http://viaf.org/viaf/166589301,1381,PL_BN_books,,,,,,,False
Warecki Stanisław,Warecki,Stanisław,,,,,,,,http://viaf.org/viaf/162673913,1382,PL_BN_books,,,,,,,False
Wirpsza Aleksander,Wirpsza,Aleksander,1946,,,,,,,http://viaf.org/viaf/84767101,1383,PL_BN_books,Spectator|Zawrat Krzysztof,,,,,,False
Grinberg Daniel,Grinberg,Daniel,1950-03-18T00:00:00Z,,https://www.wikidata.org/wiki/Q201788,https://www.wikidata.org/wiki/Q580,,https://www.wikidata.org/wiki/Q8441,https://www.wikidata.org/wiki/Q11692775,http://viaf.org/viaf/44184517,1384,PL_BN_books,,,,,,,False
Szawiel Mariola,Szawiel,Mariola,,,,,,,,http://viaf.org/viaf/101803422,1385,PL_BN_books,,,,,,,False
Rój Aleksander,Rój,Aleksander,,,,,,,,http://viaf.org/viaf/300964318,1387,PL_BN_books,,,,,,,False
Piotrowicz Ludwik,Piotrowicz,Ludwik,1886-01-01T00:00:00Z,1957-08-23T00:00:00Z,https://www.wikidata.org/wiki/Q201788,https://www.wikidata.org/wiki/Q1011553,https://www.wikidata.org/wiki/Q144786,https://www.wikidata.org/wiki/Q8441,https://www.wikidata.org/wiki/Q11763893,http://viaf.org/viaf/7232189,1388,PL_BN_books,,,,,,,False
Brzoza Leszek,Brzoza,Leszek,,,,,,,,http://viaf.org/viaf/161090196,1389,PL_BN_books,Skrzynecki Piotr,,,,,,False
Hoffer Eric,Hoffer,Eric,1898-07-25T00:00:00Z,1983-05-21T00:00:00Z,https://www.wikidata.org/wiki/Q4964182|https://www.wikidata.org/wiki/Q212980|https://www.wikidata.org/wiki/Q36180,https://www.wikidata.org/wiki/Q60,https://www.wikidata.org/wiki/Q62,https://www.wikidata.org/wiki/Q8441,https://www.wikidata.org/wiki/Q588692,http://viaf.org/viaf/108655564,139,PL_BN_books,,,,,,,False
Dziewulska Małgorzata,Dziewulska,Małgorzata,1944-01-01T00:00:00Z,,https://www.wikidata.org/wiki/Q11774202,,,https://www.wikidata.org/wiki/Q467,https://www.wikidata.org/wiki/Q19268838,http://viaf.org/viaf/101836512,1391,PL_BN_books,M.K.|M. K.,,,,,,False
Latoszyńska Jadwiga,Latoszyńska,Jadwiga,,,,,,,,http://viaf.org/viaf/165972486,1392,PL_BN_books,,,,,,,False
Poraj Andrzej,Poraj,Andrzej,,,,,,,,http://viaf.org/viaf/162619624,1393,PL_BN_books,,,,,,,False
Drawicz Andrzej,Drawicz,Andrzej,1932-05-20T00:00:00Z,1997-05-15T00:00:00Z,https://www.wikidata.org/wiki/Q11774202|https://www.wikidata.org/wiki/Q333634|https://www.wikidata.org/wiki/Q4263842,https://www.wikidata.org/wiki/Q270,https://www.wikidata.org/wiki/Q270,https://www.wikidata.org/wiki/Q8441,https://www.wikidata.org/wiki/Q4167468,http://viaf.org/viaf/56654164,1395,CZ_articles;PL_BN_books,Mazur Adam,,,,,,False
"Brzoza, Witold",Brzoza,Witold,1954-11-18T00:00:00Z,2016-09-11T00:00:00Z,https://www.wikidata.org/wiki/Q2306091,https://www.wikidata.org/wiki/Q270,https://www.wikidata.org/wiki/Q270,https://www.wikidata.org/wiki/Q8441,https://www.wikidata.org/wiki/Q11725461,http://viaf.org/viaf/101802233,1396,CZ_articles;PL_BN_books,,,,,,,False
Sedlaczek Stanisław,Sedlaczek,Stanisław,1892-01-31T00:00:00Z,1941-08-03T00:00:00Z,https://www.wikidata.org/wiki/Q25339110,https://www.wikidata.org/wiki/Q52193,https://www.wikidata.org/wiki/Q7341,https://www.wikidata.org/wiki/Q8441,https://www.wikidata.org/wiki/Q651342,http://viaf.org/viaf/98198463,1397,PL_BN_books,,,,,,,False
Ładniewska- Blankenheimowa Wanda,Ładniewska- Blankenheimowa,Wanda,1905-01-01T00:00:00Z,1995-07-22T00:00:00Z,https://www.wikidata.org/wiki/Q1281618,,,https://www.wikidata.org/wiki/Q467,https://www.wikidata.org/wiki/Q9370859,http://viaf.org/viaf/301240992,1398,PL_BN_books,,,,,,,False
Dobosz Bogdan,Dobosz,Bogdan,1960-01-01T00:00:00Z,,https://www.wikidata.org/wiki/Q36180,,,https://www.wikidata.org/wiki/Q8441,https://www.wikidata.org/wiki/Q27149410,http://viaf.org/viaf/163026489,14,PL_BN_books,,,,,,,False
Holzer Jerzy,Holzer,Jerzy,1930,,,,,,,http://viaf.org/viaf/199159234075303370552,140,CZ_books;PL_BN_books,Pański Wacław,,,,,,False
Duda Gracz Jerzy,Duda Gracz,Jerzy,1941-03-20T00:00:00Z,2004-11-05T00:00:00Z,https://www.wikidata.org/wiki/Q1028181,https://www.wikidata.org/wiki/Q103217,https://www.wikidata.org/wiki/Q345189,https://www.wikidata.org/wiki/Q8441,https://www.wikidata.org/wiki/Q440859,http://viaf.org/viaf/84513825,1400,PL_BN_books,,,,,,,False
Ossowski Jakub,Ossowski,Jakub,,,,,,,,http://viaf.org/viaf/301571494,1401,PL_BN_books,,,,,,,False
Martini Dorota,Martini,Dorota,,,,,,,,http://viaf.org/viaf/36805400,1402,PL_BN_books,,,,,,,False
Wołyński Wojciech,Wołyński,Wojciech,,,,,,,,http://viaf.org/viaf/19793807,1403,PL_BN_books,,,,,,,False
Lehmann Reinhold,Lehmann,Reinhold,,,,,,,,http://viaf.org/viaf/111736988,1404,PL_BN_books,,,,,Lehman Reinhold,,False
Szlajfer Henryk,Szlajfer,Henryk,1947-11-07T00:00:00Z,,https://www.wikidata.org/wiki/Q1227195|https://www.wikidata.org/wiki/Q1238570,https://www.wikidata.org/wiki/Q1799,,https://www.wikidata.org/wiki/Q8441,https://www.wikidata.org/wiki/Q3944641,http://viaf.org/viaf/120303398,1405,PL_BN_books,Kowalski Jan;Malinowski Andrzej,,,,,,False
Danilewicz Antoni Z.,Danilewicz,Antoni Z.,,,,,,,,http://viaf.org/viaf/162610955,1406,PL_BN_books,,,,,,,False
Szymborski Krzysztof,Szymborski,Krzysztof,,,,,,,,http://viaf.org/viaf/23409125,1407,PL_BN_books,,,,,,,False
Reutt Marian,Reutt,Marian,1907-03-09T00:00:00Z,1940-01-01T00:00:00Z,https://www.wikidata.org/wiki/Q1930187,,,https://www.wikidata.org/wiki/Q8441,https://www.wikidata.org/wiki/Q11769654,http://viaf.org/viaf/101967794,1408,PL_BN_books,,,,,,,False
"Pawlak, Antoni",Pawlak,Antoni,1955-01-01T00:00:00Z,,https://www.wikidata.org/wiki/Q1930187|https://www.wikidata.org/wiki/Q36180,,,https://www.wikidata.org/wiki/Q8441,https://www.wikidata.org/wiki/Q9324718,http://viaf.org/viaf/121619342,141,CZ_books;PL_BN_books,,,,,,,False
Brzozowski Zygmunt Szczęsny,Brzozowski,Zygmunt Szczęsny,,,,,,,,http://viaf.org/viaf/12715083,1411,PL_BN_books,,,,,,,False
Wodziński Cezary,Wodziński,Cezary,1959-05-27T00:00:00Z,2016-06-12T00:00:00Z,https://www.wikidata.org/wiki/Q4964182|https://www.wikidata.org/wiki/Q14467526|https://www.wikidata.org/wiki/Q333634,https://www.wikidata.org/wiki/Q497148,,https://www.wikidata.org/wiki/Q8441,https://www.wikidata.org/wiki/Q5065846,http://viaf.org/viaf/101749319,1412,PL_BN_books,,,,,,,False
Dłuski Wiktor,Dłuski,Wiktor,1939-03-03T00:00:00Z,,https://www.wikidata.org/wiki/Q1930187,https://www.wikidata.org/wiki/Q90,,https://www.wikidata.org/wiki/Q8441,https://www.wikidata.org/wiki/Q16615134,http://viaf.org/viaf/101591728,1416,PL_BN_books,Doroń Władysław,,,,,,False
Juryś Julia,Juryś,Julia,,,,,,,,http://viaf.org/viaf/27291817,1417,PL_BN_books,,,,,,['tł'],False
Forycki Remigiusz,Forycki,Remigiusz,1950-10-04T00:00:00Z,,https://www.wikidata.org/wiki/Q723682|https://www.wikidata.org/wiki/Q25339110,,,https://www.wikidata.org/wiki/Q8441,https://www.wikidata.org/wiki/Q16765154,http://viaf.org/viaf/27104504,1419,PL_BN_books,,,,,,,False
Aron Raymond,Aron,Raymond,1905,1983,,,,,,http://viaf.org/viaf/301684403,1420,CZ_articles;PL_BN_books,,,,,,,False
Seton- Watson Hugh,Seton- Watson,Hugh,1916-02-15T00:00:00Z,1984-12-19T00:00:00Z,https://www.wikidata.org/wiki/Q201788|https://www.wikidata.org/wiki/Q1238570,https://www.wikidata.org/wiki/Q84,https://www.wikidata.org/wiki/Q61,https://www.wikidata.org/wiki/Q8441,https://www.wikidata.org/wiki/Q6120972,http://viaf.org/viaf/108229666,1421,PL_BN_books,,,,,,,False
Kłoczowski Jan Maria,Kłoczowski,Jan Maria,1960-12-26T00:00:00Z,,https://www.wikidata.org/wiki/Q33999|https://www.wikidata.org/wiki/Q49757|https://www.wikidata.org/wiki/Q333634,https://www.wikidata.org/wiki/Q37333,,https://www.wikidata.org/wiki/Q8441,https://www.wikidata.org/wiki/Q26073451,http://viaf.org/viaf/36957778,1423,PL_BN_books,,,,,,,False
Lasiński Aleksy Leszek,Lasiński,Aleksy Leszek,,,,,,,,http://viaf.org/viaf/162014947,1424,PL_BN_books,,,,,,,False
Godlewski Piotr,Godlewski,Piotr,1929-01-01T00:00:00Z,2010-10-03T00:00:00Z,,https://www.wikidata.org/wiki/Q270,https://www.wikidata.org/wiki/Q270,https://www.wikidata.org/wiki/Q8441,https://www.wikidata.org/wiki/Q24430876,http://viaf.org/viaf/94179495,1427,PL_BezCenzury_books;PL_BezCenzury_articles;PL_BN_books,Haertman Paweł|Paweł Heartman|Heartman Paweł,,,,,,False
Vacul~'ik Ludv~'ik,Vacul~'ik,Ludv~'ik,1926-07-23T00:00:00Z,,https://www.wikidata.org/wiki/Q1930187|https://www.wikidata.org/wiki/Q6051619|https://www.wikidata.org/wiki/Q36180,https://www.wikidata.org/wiki/Q992481,https://www.wikidata.org/wiki/Q158280,https://www.wikidata.org/wiki/Q8441,https://www.wikidata.org/wiki/Q1669800,http://viaf.org/viaf/71404246,1429,PL_BezCenzury_articles;PL_BN_books,,,,,,,False
Hrabal Bohumil,Hrabal,Bohumil,1914-03-28T00:00:00Z,1997-02-03T00:00:00Z,https://www.wikidata.org/wiki/Q49757|https://www.wikidata.org/wiki/Q36180|https://www.wikidata.org/wiki/Q482980|https://www.wikidata.org/wiki/Q28389|https://www.wikidata.org/wiki/Q49757|https://www.wikidata.org/wiki/Q6625963,https://www.wikidata.org/wiki/Q9179451,https://www.wikidata.org/wiki/Q1085,https://www.wikidata.org/wiki/Q8441,https://www.wikidata.org/wiki/Q242130,http://viaf.org/viaf/34458072,143,PL_BezCenzury_books;CZ_books;CZ_articles;PL_BezCenzury_articles;PL_BN_books,,,,,,,False
Hładko Ryszard,Hładko,Ryszard,,,,,,,,http://viaf.org/viaf/102195736,1430,PL_BN_books,,,,,,,False
Bereszyński Zbigniew,Bereszyński,Zbigniew,1956-01-08T00:00:00Z,,https://www.wikidata.org/wiki/Q201788,https://www.wikidata.org/wiki/Q92212,,https://www.wikidata.org/wiki/Q8441,https://www.wikidata.org/wiki/Q9387761,http://viaf.org/viaf/167368816,1431,PL_BN_books,,,,,,,False
Pulwa J.,Pulwa,J.,,,,,,,,http://viaf.org/viaf/302035469,1432,PL_BN_books,,,,,,,False
Buczkowski Piotr,Buczkowski,Piotr,1950-05-05T00:00:00Z,2003-01-02T00:00:00Z,https://www.wikidata.org/wiki/Q82955,https://www.wikidata.org/wiki/Q393,https://www.wikidata.org/wiki/Q268,https://www.wikidata.org/wiki/Q8441,https://www.wikidata.org/wiki/Q11817338,http://viaf.org/viaf/33143649,1436,PL_BN_books,,,,,,,False
Łyszewska Maria,Łyszewska,Maria,,,,,,,,http://viaf.org/viaf/102223295,1437,PL_BN_books,,,,,,,False
Szymanderska Hanna,Szymanderska,Hanna,1944-01-01T00:00:00Z,2014-09-21T00:00:00Z,https://www.wikidata.org/wiki/Q1930187,https://www.wikidata.org/wiki/Q1922307,https://www.wikidata.org/wiki/Q644002,https://www.wikidata.org/wiki/Q467,https://www.wikidata.org/wiki/Q18192746,http://viaf.org/viaf/20089034,1438,PL_BN_books,Szymanderski Witold,,,,Szymanderscy Hanna i Witold,,False
Balbus Stanisław,Balbus,Stanisław,1942,,,,,,,http://viaf.org/viaf/1200159234741403372549,1439,PL_BN_books,Bal St.,,,,,,False
Huntington Samuel Phillips,Huntington,Samuel Phillips,1927-04-18T00:00:00Z,2008-12-24T00:00:00Z,https://www.wikidata.org/wiki/Q16947320|https://www.wikidata.org/wiki/Q4964182|https://www.wikidata.org/wiki/Q36180|https://www.wikidata.org/wiki/Q2306091|https://www.wikidata.org/wiki/Q1238570|https://www.wikidata.org/wiki/Q1622272|https://www.wikidata.org/wiki/Q1227195,https://www.wikidata.org/wiki/Q60,https://www.wikidata.org/wiki/Q49148,https://www.wikidata.org/wiki/Q8441,https://www.wikidata.org/wiki/Q19074,http://viaf.org/viaf/9910927,144,PL_BN_books,,,,,,,False
Maleszka Lesław,Maleszka,Lesław,1952-11-15T00:00:00Z,,https://www.wikidata.org/wiki/Q1930187|https://www.wikidata.org/wiki/Q182436,https://www.wikidata.org/wiki/Q144786,,https://www.wikidata.org/wiki/Q8441,https://www.wikidata.org/wiki/Q11755193,http://viaf.org/viaf/2151149844996602960002,1440,PL_BN_books,,,,,,,False
Buczyński Stanisław,Buczyński,Stanisław,1912-07-29T00:00:00Z,1982-02-23T00:00:00Z,https://www.wikidata.org/wiki/Q1930187,https://www.wikidata.org/wiki/Q608078,,https://www.wikidata.org/wiki/Q8441,https://www.wikidata.org/wiki/Q1388721,http://viaf.org/viaf/66027443,1441,PL_BN_books,,,,,,,False
Wołyński Aleksander,Wołyński,Aleksander,,,,,,,,http://viaf.org/viaf/303555482,1443,PL_BN_books,,,,,,,False
Kłobukowski Michał,Kłobukowski,Michał,1951-01-01T00:00:00Z,,,https://www.wikidata.org/wiki/Q270,,https://www.wikidata.org/wiki/Q8441,https://www.wikidata.org/wiki/Q11778968,http://viaf.org/viaf/20946955,1444,PL_BN_books,,,,,,,False
Husarska Anna,Husarska,Anna,,,,,,,,http://viaf.org/viaf/101866526,1446,PL_BN_books,,,,,,,False
Budrewicz Leszek,Budrewicz,Leszek,1956-08-03T00:00:00Z,,https://www.wikidata.org/wiki/Q1930187,https://www.wikidata.org/wiki/Q1799,,https://www.wikidata.org/wiki/Q8441,https://www.wikidata.org/wiki/Q11754922,http://viaf.org/viaf/163208703,1447,CZ_articles;PL_BN_books,,,,,,,False
Ostaszewski Jan,Ostaszewski,Jan,1908-03-23T00:00:00Z,1975-01-01T00:00:00Z,,https://www.wikidata.org/wiki/Q270,https://www.wikidata.org/wiki/Q84,https://www.wikidata.org/wiki/Q8441,https://www.wikidata.org/wiki/Q24430998,http://viaf.org/viaf/89275872,1448,PL_BN_books,,,,,,,False
Langner Franciszek,Langner,Franciszek,,,,,,,,http://viaf.org/viaf/301948565,1449,PL_BN_books,,,,,,,False
Huxley Aldous,Huxley,Aldous,1894-07-26T00:00:00Z,1963-11-22T00:00:00Z,https://www.wikidata.org/wiki/Q4964182|https://www.wikidata.org/wiki/Q49757|https://www.wikidata.org/wiki/Q36180|https://www.wikidata.org/wiki/Q12144794|https://www.wikidata.org/wiki/Q25339110|https://www.wikidata.org/wiki/Q28389|https://www.wikidata.org/wiki/Q6625963|https://www.wikidata.org/wiki/Q18844224,https://www.wikidata.org/wiki/Q909146,https://www.wikidata.org/wiki/Q65,https://www.wikidata.org/wiki/Q8441,https://www.wikidata.org/wiki/Q81447,http://viaf.org/viaf/71392434,145,PL_BN_books,,,,,,,False
Hernik Jolanta,Hernik,Jolanta,,,,,,,,http://viaf.org/viaf/302297826,1451,PL_BN_books,,,,,,,False
Król Aniela,Król,Aniela,,,,,,,,http://viaf.org/viaf/301550826,1453,PL_BN_books,AKABA,,,,,,False
Dziekoński Zdzisław,Dziekoński,Zdzisław,,,,,,,,http://viaf.org/viaf/164392498,1454,PL_BN_books,,,,,,,False
Kowalski Jerzy,Kowalski,Jerzy,,,,,,,,http://viaf.org/viaf/163203831,1455,PL_BN_books,,,,,,,False
Boreyko Roman M.,Boreyko,Roman M.,,,,,,,,http://viaf.org/viaf/163220768,1456,PL_BN_books,,,,,,,False
Sabat Marian,Sabat,Marian,,,,,,,,http://viaf.org/viaf/93633356,1457,PL_BN_books,,,,,,,False
Jawa St.,Jawa,St.,,,,,,,,http://viaf.org/viaf/303084827,1459,PL_BN_books,,,,,,,False
Kuranda Tadeusz,Kuranda,Tadeusz,,,,,,,,http://viaf.org/viaf/101709426,1460,PL_BN_books,,,,,,,False
Mietkowski Andrzej,Mietkowski,Andrzej,1956-04-21T00:00:00Z,,https://www.wikidata.org/wiki/Q1930187,https://www.wikidata.org/wiki/Q649,,https://www.wikidata.org/wiki/Q8441,https://www.wikidata.org/wiki/Q9152933,http://viaf.org/viaf/4847154,1462,PL_BN_books,,,,,,,False
Gorbanevskaja Natal'ja,Gorbanevskaja,Natal'ja,1936-05-26T00:00:00Z,2013-11-29T00:00:00Z,https://www.wikidata.org/wiki/Q1930187|https://www.wikidata.org/wiki/Q182436|https://www.wikidata.org/wiki/Q49757|https://www.wikidata.org/wiki/Q36180|https://www.wikidata.org/wiki/Q14467526|https://www.wikidata.org/wiki/Q333634|https://www.wikidata.org/wiki/Q1476215,https://www.wikidata.org/wiki/Q649,https://www.wikidata.org/wiki/Q90,https://www.wikidata.org/wiki/Q467,https://www.wikidata.org/wiki/Q439455,http://viaf.org/viaf/107027694,1464,PL_BN_books,,,,,Gorbaniewska Natalia,,False
Budzisz Marek,Budzisz,Marek,,,,,,,,http://viaf.org/viaf/165009154,1465,PL_BN_books,,,,,,,False
Jegliński Piotr,Jegliński,Piotr,1951-10-26T00:00:00Z,,https://www.wikidata.org/wiki/Q6051619,https://www.wikidata.org/wiki/Q270,,https://www.wikidata.org/wiki/Q8441,https://www.wikidata.org/wiki/Q11817582,http://viaf.org/viaf/101874415,1466,CZ_articles;PL_BN_books,,,,,,,False
Bugajski Ryszard,Bugajski,Ryszard,1943-04-27T00:00:00Z,2019-06-07T00:00:00Z,https://www.wikidata.org/wiki/Q36180|https://www.wikidata.org/wiki/Q3455803|https://www.wikidata.org/wiki/Q2526255|https://www.wikidata.org/wiki/Q28389,https://www.wikidata.org/wiki/Q270,https://www.wikidata.org/wiki/Q270,https://www.wikidata.org/wiki/Q8441,https://www.wikidata.org/wiki/Q432961,http://viaf.org/viaf/101716043,1467,CZ_books;CZ_articles;PL_BN_books,,,,,,,False
Dohnalik Barbara,Dohnalik,Barbara,,,,,,,,http://viaf.org/viaf/101840269,1468,PL_BN_books,,,,,,,False
Krzysztoporski Wiktor,Krzysztoporski,Wiktor,,,,,,,,http://viaf.org/viaf/161226780,1469,PL_BN_books,,,,,,,False
Pomianowski Jerzy,Pomianowski,Jerzy,1921-01-13T00:00:00Z,2016-12-29T00:00:00Z,https://www.wikidata.org/wiki/Q487596|https://www.wikidata.org/wiki/Q1930187|https://www.wikidata.org/wiki/Q39631|https://www.wikidata.org/wiki/Q36180|https://www.wikidata.org/wiki/Q333634,https://www.wikidata.org/wiki/Q580,https://www.wikidata.org/wiki/Q31487,https://www.wikidata.org/wiki/Q8441,https://www.wikidata.org/wiki/Q4371798,http://viaf.org/viaf/101760402,1470,PL_BN_books,Kaniowski Michał,,,,,,False
Wysocka Lilian,Wysocka,Lilian,,,,,,,,http://viaf.org/viaf/101633429,1471,PL_BN_books,Al-Ata,,,,,,False
Kornel Janina,Kornel,Janina,,,,,,,,http://viaf.org/viaf/17636511,1473,PL_BN_books,,,,,,,False
Magala Sławomir,Magala,Sławomir,,,,,,,,http://viaf.org/viaf/101756968,1474,PL_BN_books,,,,,,,False
Wojciechowski Adam F.,Wojciechowski,Adam F.,1943-01-01T00:00:00Z,,https://www.wikidata.org/wiki/Q1930187,,,https://www.wikidata.org/wiki/Q8441,https://www.wikidata.org/wiki/Q9140493,http://viaf.org/viaf/163095735,1475,PL_BN_books,,,,,,,False
Wenderlich Jarosław,Wenderlich,Jarosław,1948-09-14T00:00:00Z,2016-04-27T00:00:00Z,https://www.wikidata.org/wiki/Q185351,https://www.wikidata.org/wiki/Q41252,https://www.wikidata.org/wiki/Q41252,https://www.wikidata.org/wiki/Q8441,https://www.wikidata.org/wiki/Q23950428,http://viaf.org/viaf/164085031,1476,PL_BN_books,,,,,,,False
Turek Wacław Przemysław,Turek,Wacław Przemysław,,,,,,,,http://viaf.org/viaf/8850151778240818130004,1477,PL_BN_books,Czerwieński Jarosław,,,,,,False
Roliński Adam,Roliński,Adam,,,,,,,,http://viaf.org/viaf/39427403,1478,PL_BN_books,Zatorski Wincenty,,,,,,False
Barszczewski Stefan,Barszczewski,Stefan,1862-06-21T00:00:00Z,1937-09-11T00:00:00Z,https://www.wikidata.org/wiki/Q18844224|https://www.wikidata.org/wiki/Q333634,https://www.wikidata.org/wiki/Q270,https://www.wikidata.org/wiki/Q270,https://www.wikidata.org/wiki/Q8441,https://www.wikidata.org/wiki/Q9344863,http://viaf.org/viaf/84288105,1479,PL_BN_books,,,,,,,False
Łęczycki Jan,Łęczycki,Jan,,,,,,,,http://viaf.org/viaf/101996624,1480,PL_BN_books,,,,,,,False
Kowalski Krzysztof,Kowalski,Krzysztof,,,,,,,,http://viaf.org/viaf/101774243,1481,PL_BN_books,,,,,,,False
Li Maria,Li,Maria,1946-05-12T00:00:00Z,,https://www.wikidata.org/wiki/Q333634,https://www.wikidata.org/wiki/Q270,,https://www.wikidata.org/wiki/Q467,https://www.wikidata.org/wiki/Q11770908,http://viaf.org/viaf/270110501,1482,PL_BN_books,Maria Li,,,,,,False
Rogowicz Wacław,Rogowicz,Wacław,1879-09-28T00:00:00Z,1960-03-08T00:00:00Z,https://www.wikidata.org/wiki/Q36180|https://www.wikidata.org/wiki/Q333634,,,https://www.wikidata.org/wiki/Q8441,https://www.wikidata.org/wiki/Q9369809,http://viaf.org/viaf/16030800,1483,PL_BN_books,,,,,,,False
Rogowicz Wacław,Rogowicz,Wacław,,,,,,,,http://viaf.org/viaf/165198012,1484,CZ_articles;PL_BN_books,,,,,,,False
Młotek Mieczysław,Młotek,Mieczysław,1893-09-30T00:00:00Z,1986-12-09T00:00:00Z,https://www.wikidata.org/wiki/Q201788|https://www.wikidata.org/wiki/Q47064,https://www.wikidata.org/wiki/Q997533,https://www.wikidata.org/wiki/Q84,https://www.wikidata.org/wiki/Q8441,https://www.wikidata.org/wiki/Q19693072,http://viaf.org/viaf/77586957,1485,PL_BN_books,,,,,,,False
Amalrik Gjuzel,Amalrik,Gjuzel,,,,,,,,http://viaf.org/viaf/302001432,1486,PL_BN_books,,,,,,,False
Przesmyczka Wacław,Przesmyczka,Wacław,,,,,,,,http://viaf.org/viaf/302261810,1487,PL_BN_books,,,,,,,False
"Baluch, Jacek",Baluch,Jacek,1940-03-17T00:00:00Z,2019-07-03T00:00:00Z,https://www.wikidata.org/wiki/Q71049101|https://www.wikidata.org/wiki/Q15976341|https://www.wikidata.org/wiki/Q193391|https://www.wikidata.org/wiki/Q13570226|https://www.wikidata.org/wiki/Q333634,https://www.wikidata.org/wiki/Q31487,https://www.wikidata.org/wiki/Q31487,https://www.wikidata.org/wiki/Q8441,https://www.wikidata.org/wiki/Q11715194,http://viaf.org/viaf/43186080,1488,CZ_articles;PL_BN_books,,,,,,,False
Wilski Ryszard,Wilski,Ryszard,,,,,,,,http://viaf.org/viaf/166777484,1489,PL_BN_books,,,,,,,False
Iranek- Osmecki Kazimierz,Iranek- Osmecki,Kazimierz,1897-09-05T00:00:00Z,1984-05-22T00:00:00Z,https://www.wikidata.org/wiki/Q4002659,https://www.wikidata.org/wiki/Q7256157,https://www.wikidata.org/wiki/Q84,https://www.wikidata.org/wiki/Q8441,https://www.wikidata.org/wiki/Q11737929,http://viaf.org/viaf/37044070,149,PL_BN_books,,,,,,,False
Sadowska Anna,Sadowska,Anna,,,,,,,,http://viaf.org/viaf/164254165,1490,PL_BN_books,,,,,,,False
Przybora Jeremi,Przybora,Jeremi,1915-12-12T00:00:00Z,2004-03-04T00:00:00Z,https://www.wikidata.org/wiki/Q49757|https://www.wikidata.org/wiki/Q177220,https://www.wikidata.org/wiki/Q270,https://www.wikidata.org/wiki/Q270,https://www.wikidata.org/wiki/Q8441,https://www.wikidata.org/wiki/Q10781586,http://viaf.org/viaf/79450897,1491,PL_BN_books,,,,,,,False
Tarnopolski Marek,Tarnopolski,Marek,,,,,,,,http://viaf.org/viaf/303217822,1492,PL_BN_books,,,,,,,False
Ochab Edward,Ochab,Edward,1906-08-16T00:00:00Z,1989-05-01T00:00:00Z,https://www.wikidata.org/wiki/Q82955,https://www.wikidata.org/wiki/Q31487,https://www.wikidata.org/wiki/Q270,https://www.wikidata.org/wiki/Q8441,https://www.wikidata.org/wiki/Q545740,http://viaf.org/viaf/70945420,1493,PL_BN_books,,,,,,,False
Gross Feliks,Gross,Feliks,1906-06-17T00:00:00Z,2006-11-09T00:00:00Z,https://www.wikidata.org/wiki/Q2306091,https://www.wikidata.org/wiki/Q31487,https://www.wikidata.org/wiki/Q60,https://www.wikidata.org/wiki/Q8441,https://www.wikidata.org/wiki/Q5441828,http://viaf.org/viaf/90790116,1494,PL_BN_books,,,,,,,False
Ryser- Szymański Witold,Ryser- Szymański,Witold,,,,,,,,http://viaf.org/viaf/166170570,1495,PL_BN_books,,,,,,,False
Bieńkowski Andrzej,Bieńkowski,Andrzej,1946-01-01T00:00:00Z,,https://www.wikidata.org/wiki/Q1028181,https://www.wikidata.org/wiki/Q270,,https://www.wikidata.org/wiki/Q8441,https://www.wikidata.org/wiki/Q4495364,http://viaf.org/viaf/102053072,1496,PL_BN_books,,,,,,,False
Grad Jerzy Piotr,Grad,Jerzy Piotr,,,,,,,,http://viaf.org/viaf/9732498,1497,PL_BN_books,,,,,,,False
Cieszewski Jacek,Cieszewski,Jacek,1933-01-12T00:00:00Z,2016-02-22T00:00:00Z,https://www.wikidata.org/wiki/Q1930187,https://www.wikidata.org/wiki/Q588,https://www.wikidata.org/wiki/Q588,https://www.wikidata.org/wiki/Q8441,https://www.wikidata.org/wiki/Q22961035,http://viaf.org/viaf/34867495,1498,CZ_articles;PL_BN_books,Fajerant Jerzy,,,,,,False
Arkady,Arkady,,,,,,,,,http://viaf.org/viaf/161831147,1499,PL_BN_books,,,,,,,False
Gajdziński Marek,Gajdziński,Marek,,,,,,,,http://viaf.org/viaf/303512034,15,PL_BN_books,,,,,,,False
Iwaniuk Wacław,Iwaniuk,Wacław,1912-12-17T00:00:00Z,2001-01-05T00:00:00Z,https://www.wikidata.org/wiki/Q49757|https://www.wikidata.org/wiki/Q36180|https://www.wikidata.org/wiki/Q333634,https://www.wikidata.org/wiki/Q7601641,https://www.wikidata.org/wiki/Q172,https://www.wikidata.org/wiki/Q8441,https://www.wikidata.org/wiki/Q7958891,http://viaf.org/viaf/91652546,150,PL_BN_books,,,,,,,False
Adamowicz Alicja,Adamowicz,Alicja,,,,,,,,http://viaf.org/viaf/101719918,1500,PL_BN_books,,,,,,,False
Wieczorkiewicz Paweł Piotr,Wieczorkiewicz,Paweł Piotr,1948-07-02T00:00:00Z,2009-03-23T00:00:00Z,https://www.wikidata.org/wiki/Q201788,https://www.wikidata.org/wiki/Q270,https://www.wikidata.org/wiki/Q270,https://www.wikidata.org/wiki/Q8441,https://www.wikidata.org/wiki/Q3917723,http://viaf.org/viaf/12549376,1501,PL_BN_books,,,,,,,False
Piotrowska Magdalena,Piotrowska,Magdalena,,,,,,,,http://viaf.org/viaf/231956829,1502,PL_BN_books,,,,,,,False
Szperak Jerzy,Szperak,Jerzy,,,,,,,,http://viaf.org/viaf/280425026,1504,PL_BN_books,,,,,,,False
Geppert Beata,Geppert,Beata,1955-12-06T00:00:00Z,,https://www.wikidata.org/wiki/Q333634,,,https://www.wikidata.org/wiki/Q467,https://www.wikidata.org/wiki/Q2892943,http://viaf.org/viaf/101845344,1505,PL_BN_books,,,,,,,False
Wasiński Cezary,Wasiński,Cezary,,,,,,,,http://viaf.org/viaf/165919284,1506,PL_BN_books,Gadeja Jan,,,,,,False
Nora Pierre,Nora,Pierre,1931-11-17T00:00:00Z,,https://www.wikidata.org/wiki/Q201788,https://www.wikidata.org/wiki/Q270230,,https://www.wikidata.org/wiki/Q8441,https://www.wikidata.org/wiki/Q266382,http://viaf.org/viaf/98090393,1507,PL_BN_books,,,,,,,False
Mazurkiewicz Roman,Mazurkiewicz,Roman,1954-12-01T00:00:00Z,,https://www.wikidata.org/wiki/Q3332711|https://www.wikidata.org/wiki/Q201788,https://www.wikidata.org/wiki/Q106281,,https://www.wikidata.org/wiki/Q8441,https://www.wikidata.org/wiki/Q9312470,http://viaf.org/viaf/89659539,1508,PL_BN_books,Burski Marek,,,,,,False
Kułakowski Jan,Kułakowski,Jan,1930-08-25T00:00:00Z,2011-06-25T00:00:00Z,https://www.wikidata.org/wiki/Q7886765|https://www.wikidata.org/wiki/Q82955|https://www.wikidata.org/wiki/Q193391,https://www.wikidata.org/wiki/Q731079,https://www.wikidata.org/wiki/Q270,https://www.wikidata.org/wiki/Q8441,https://www.wikidata.org/wiki/Q610355,http://viaf.org/viaf/51691726,1509,PL_BN_books,,,,,,,False
Iwańska Alicja,Iwańska,Alicja,1918-05-13T00:00:00Z,1996-09-26T00:00:00Z,https://www.wikidata.org/wiki/Q1650915|https://www.wikidata.org/wiki/Q36180,https://www.wikidata.org/wiki/Q9265975,https://www.wikidata.org/wiki/Q84,https://www.wikidata.org/wiki/Q467,https://www.wikidata.org/wiki/Q9148165,http://viaf.org/viaf/91860917,151,PL_BN_books,,,,,,,False
Wasiński Cezary,Wasiński,Cezary,,,,,,,,http://viaf.org/viaf/165919284,1510,PL_BN_books,Gadeja Jan,,,,,,False
Pollakówna Joanna,Pollakówna,Joanna,1939-06-01T00:00:00Z,2002-06-22T00:00:00Z❦2002-06-28T00:00:00Z,https://www.wikidata.org/wiki/Q49757|https://www.wikidata.org/wiki/Q36180,https://www.wikidata.org/wiki/Q270,https://www.wikidata.org/wiki/Q270,https://www.wikidata.org/wiki/Q467,https://www.wikidata.org/wiki/Q11727499,http://viaf.org/viaf/7405819,1511,PL_BN_books,,,,,,,False
Kaczyński Andrzej,Kaczyński,Andrzej,,,,,,,,http://viaf.org/viaf/301768475,1513,PL_BN_books,Bober Leon,,,,,,False
"Bujak, Zbigniew",Bujak,Zbigniew,1954-11-29T00:00:00Z,,https://www.wikidata.org/wiki/Q7886765|https://www.wikidata.org/wiki/Q82955,https://www.wikidata.org/wiki/Q2475995,,https://www.wikidata.org/wiki/Q8441,https://www.wikidata.org/wiki/Q167999,http://viaf.org/viaf/32799739,1514,CZ_articles;PL_BN_books,,,,,,,False
Dobiecki Michał,Dobiecki,Michał,,,,,,,,http://viaf.org/viaf/11347299,1515,PL_BN_books,,,,,,,False
Drozdowicz Ewa,Drozdowicz,Ewa,,,,,,,,http://viaf.org/viaf/303434022,1516,PL_BN_books,,,,,,,False
Mizerski Wiesław,Mizerski,Wiesław,,,,,,,,http://viaf.org/viaf/165788432,1517,PL_BN_books,,,,,,,False
Łukasiewicz Zenobia,Łukasiewicz,Zenobia,,,,,,,,http://viaf.org/viaf/166750429,1518,PL_BN_books,,,,,,,False
Lasota Irena,Lasota,Irena,1945-07-25T00:00:00Z,,https://www.wikidata.org/wiki/Q1930187,,,https://www.wikidata.org/wiki/Q467,https://www.wikidata.org/wiki/Q11713792,http://viaf.org/viaf/70460485,1519,PL_BN_books,,,,,,,False
Modzelewski Władysław,Modzelewski,Władysław,,,,,,,,http://viaf.org/viaf/301282255,1520,PL_BN_books,,,,,,,False
Tchórzewska Barbara,Tchórzewska,Barbara,,,,,,,,http://viaf.org/viaf/311120832,1522,PL_BN_books,Katarzyna Zuzanna,,,,,,False
Paczkowski Adam,Paczkowski,Adam,,,,,,,,http://viaf.org/viaf/301000014,1523,PL_BN_books,,,,,,,False
Sowiak Radosław,Sowiak,Radosław,,,,,,,,http://viaf.org/viaf/7147965629584080658,1524,PL_BN_books,,,,,,,False
Arnsen S. A.,Arnsen,S. A.,,,,,,,,http://viaf.org/viaf/165972192,1525,PL_BN_books,,,,,,,False
Dobiecki Artur,Dobiecki,Artur,1884-09-18T00:00:00Z,1948-07-29T00:00:00Z,https://www.wikidata.org/wiki/Q1227195,https://www.wikidata.org/wiki/Q1998277,https://www.wikidata.org/wiki/Q90,https://www.wikidata.org/wiki/Q8441,https://www.wikidata.org/wiki/Q16530269,http://viaf.org/viaf/165577954,1526,PL_BN_books,,,,,,,False
Rybski Arkadiusz,Rybski,Arkadiusz,,,,,,,,http://viaf.org/viaf/301941976,1527,PL_BN_books,,,,,,,False
"Nixon, Richard M.",Nixon,Richard M.,1913-01-09T00:00:00Z,1994-04-22T00:00:00Z,https://www.wikidata.org/wiki/Q82955|https://www.wikidata.org/wiki/Q372436,https://www.wikidata.org/wiki/Q493518,https://www.wikidata.org/wiki/Q11299,https://www.wikidata.org/wiki/Q8441,https://www.wikidata.org/wiki/Q9588,http://viaf.org/viaf/44303100,1528,CZ_articles;PL_BN_books,,,,,,,False
Bukovskij Vladimir Konstantinovič,Bukovskij,Vladimir Konstantinovič,1942-12-30T00:00:00Z,2019-10-27T00:00:00Z,https://www.wikidata.org/wiki/Q82955|https://www.wikidata.org/wiki/Q1476215|https://www.wikidata.org/wiki/Q181043|https://www.wikidata.org/wiki/Q36180,https://www.wikidata.org/wiki/Q104703,https://www.wikidata.org/wiki/Q130282,https://www.wikidata.org/wiki/Q8441,https://www.wikidata.org/wiki/Q360471,http://viaf.org/viaf/109299737,1529,PL_BN_books,,,,,Bukowski Włodzimierz|Bukowski Władimir|Bukowski Waldemar,,False
Niejaki M. W.,Niejaki M. W.,,,,,,,,,http://viaf.org/viaf/302931965,1530,PL_BN_books,M.W.,,,,,,True
Łobodowski Józef,Łobodowski,Józef,1909-03-19T00:00:00Z,1988-04-18T00:00:00Z,https://www.wikidata.org/wiki/Q49757|https://www.wikidata.org/wiki/Q14467526|https://www.wikidata.org/wiki/Q333634,,https://www.wikidata.org/wiki/Q2807,https://www.wikidata.org/wiki/Q8441,https://www.wikidata.org/wiki/Q776173,http://viaf.org/viaf/59122863,1531,PL_BN_books,Paragraf,,,,,,False
Karwowski Maciej,Karwowski,Maciej,,,,,,,,http://viaf.org/viaf/165786099,1532,PL_BN_books,,,,,,,False
Taylor Alan John Percivale,Taylor,Alan John Percivale,1906-03-25T00:00:00Z,1990-09-07T00:00:00Z,https://www.wikidata.org/wiki/Q1622272|https://www.wikidata.org/wiki/Q1930187|https://www.wikidata.org/wiki/Q17489339,https://www.wikidata.org/wiki/Q764412,https://www.wikidata.org/wiki/Q84,https://www.wikidata.org/wiki/Q8441,https://www.wikidata.org/wiki/Q706931,http://viaf.org/viaf/9859788,1533,PL_BN_books,,,,,,,False
Karpińska Urszula,Karpińska,Urszula,,,,,,,,http://viaf.org/viaf/163413053,1534,PL_BN_books,,,,,,,False
A. S.,A. S.,,,,,,,,,http://viaf.org/viaf/16157701847844222891,1537,PL_BN_books,,,,,,,False
Poltorackij Nikolaj,Poltorackij,Nikolaj,,,,,,,,http://viaf.org/viaf/112690842,1539,PL_BN_books,,,,,Połtoracki Mikołaj,,False
Jackowski Stefan,Jackowski,Stefan,,,,,,,,http://viaf.org/viaf/302840979,154,PL_BN_books,,,,,,,False
Askoldov Sergej Alekseevi~5c,Askoldov,Sergej Alekseevi~5c,1871,1945,,,,,,http://viaf.org/viaf/75045725,1540,PL_BN_books,,,,,Askoldow Sergiusz,,False
Illg Jerzy,Illg,Jerzy,1950-10-11T00:00:00Z,,https://www.wikidata.org/wiki/Q1622272|https://www.wikidata.org/wiki/Q4263842,https://www.wikidata.org/wiki/Q268,,https://www.wikidata.org/wiki/Q8441,https://www.wikidata.org/wiki/Q11724713,http://viaf.org/viaf/44386065,1543,PL_BN_books,,,,,,,False
Miłoszewski Zdzisław,Miłoszewski,Zdzisław,,,,,,,,http://viaf.org/viaf/88323371,1544,PL_BN_books,,,,,,,False
Bielecki Tadeusz,Bielecki,Tadeusz,1901-01-30T00:00:00Z,1982-02-05T00:00:00Z,https://www.wikidata.org/wiki/Q82955,https://www.wikidata.org/wiki/Q2337969,https://www.wikidata.org/wiki/Q84,https://www.wikidata.org/wiki/Q8441,https://www.wikidata.org/wiki/Q7674463,http://viaf.org/viaf/79480405,1546,PL_BN_books,,,,,,,False
Aristoteles,Aristoteles,,,,,,,,,http://viaf.org/viaf/7524651,1548,CZ_articles;PL_BN_books,,,,,Arystoteles,,False
Stański Tadeusz,Stański,Tadeusz,,,,,,,,http://viaf.org/viaf/303831770,1550,PL_BN_books,,,,,,,False
Lafontaine i sp.,Lafontaine i sp.,,,,,,,,,http://viaf.org/viaf/303850612,1551,PL_BN_books,,,,,,,False
Elżbieta,Elżbieta,,1936-07-03T00:00:00Z,2018-10-08T00:00:00Z,https://www.wikidata.org/wiki/Q4853732|https://www.wikidata.org/wiki/Q644687|https://www.wikidata.org/wiki/Q3391743|https://www.wikidata.org/wiki/Q36180,https://www.wikidata.org/wiki/Q4937810,https://www.wikidata.org/wiki/Q187153,https://www.wikidata.org/wiki/Q467,https://www.wikidata.org/wiki/Q15970950,http://viaf.org/viaf/44298435,1553,PL_BN_books,,,,,,,False
Dorniak Andrzej,Dorniak,Andrzej,,,,,,,,http://viaf.org/viaf/166423801,1555,PL_BN_books,,,,,,,False
Alekseeva Ludmila,Alekseeva,Ludmila,1927-07-20T00:00:00Z,2018-12-08T00:00:00Z,https://www.wikidata.org/wiki/Q201788|https://www.wikidata.org/wiki/Q36180|https://www.wikidata.org/wiki/Q82955|https://www.wikidata.org/wiki/Q482980|https://www.wikidata.org/wiki/Q1476215,https://www.wikidata.org/wiki/Q33345,https://www.wikidata.org/wiki/Q649,https://www.wikidata.org/wiki/Q467,https://www.wikidata.org/wiki/Q293156,http://viaf.org/viaf/109402146,1556,PL_BN_books,,,,,Aleksiejewa Ludmiła,,False
Bilinskij Jaroslav,Bilinskij,Jaroslav,1932-02-26T00:00:00Z,,https://www.wikidata.org/wiki/Q1238570,https://www.wikidata.org/wiki/Q7550,,https://www.wikidata.org/wiki/Q8441,https://www.wikidata.org/wiki/Q12086902,http://viaf.org/viaf/109469277,1557,PL_BN_books,,,,,Bilinskij Jarosław,,False
Mościcki Henryk,Mościcki,Henryk,1881-10-30T00:00:00Z,1952-12-13T00:00:00Z,https://www.wikidata.org/wiki/Q201788,https://www.wikidata.org/wiki/Q995159,https://www.wikidata.org/wiki/Q31487,https://www.wikidata.org/wiki/Q8441,https://www.wikidata.org/wiki/Q9288730,http://viaf.org/viaf/29575540,1559,PL_BN_books,,,,,,,False
Jagiełło Krystyna,Jagiełło,Krystyna,,,,,,,,http://viaf.org/viaf/73881389,156,PL_BN_books,,,,,,,False
Dzwonkowski Włodzimierz,Dzwonkowski,Włodzimierz,1880-02-04T00:00:00Z,1954-02-28T00:00:00Z,https://www.wikidata.org/wiki/Q201788|https://www.wikidata.org/wiki/Q9379869,https://www.wikidata.org/wiki/Q1020096,https://www.wikidata.org/wiki/Q580,https://www.wikidata.org/wiki/Q8441,https://www.wikidata.org/wiki/Q17362096,http://viaf.org/viaf/49292162,1560,PL_BN_books,,,,,,,False
Bochiński Henryk,Bochiński,Henryk,,,,,,,,http://viaf.org/viaf/250066795,1563,PL_BN_books,,,,,,,False
Świda Józef,Świda,Józef,1916-05-16T00:00:00Z,2004-12-08T00:00:00Z,,,,https://www.wikidata.org/wiki/Q8441,https://www.wikidata.org/wiki/Q11731750,http://viaf.org/viaf/161246432,1564,PL_BN_books,,,,,,,False
Stavisky Nikita,Stavisky,Nikita,,,,,,,,http://viaf.org/viaf/101874404,1565,PL_BN_books,,,,,,,False
Lewandowska Irena,Lewandowska,Irena,1931-07-11T00:00:00Z,2018-12-05T00:00:00Z,https://www.wikidata.org/wiki/Q333634,https://www.wikidata.org/wiki/Q270,,https://www.wikidata.org/wiki/Q467,https://www.wikidata.org/wiki/Q11713795,http://viaf.org/viaf/118937440,1566,PL_BN_books,,,,,,,False
Fišera Vladimir Claude,Fišera,Vladimir Claude,1948-01-01T00:00:00Z,,https://www.wikidata.org/wiki/Q333634,,,https://www.wikidata.org/wiki/Q8441,https://www.wikidata.org/wiki/Q105822072,http://viaf.org/viaf/51689438,1568,PL_BN_books,,,,,,,False
Marcyz Jan,Marcyz,Jan,,,,,,,,http://viaf.org/viaf/167158547,1569,PL_BN_books,,,,,,,False
Jagiełło Michał,Jagiełło,Michał,1941-08-23T00:00:00Z,2016-02-01T00:00:00Z,https://www.wikidata.org/wiki/Q20179720|https://www.wikidata.org/wiki/Q49757|https://www.wikidata.org/wiki/Q36180|https://www.wikidata.org/wiki/Q11774202|https://www.wikidata.org/wiki/Q6051619,https://www.wikidata.org/wiki/Q6154431,https://www.wikidata.org/wiki/Q144786,https://www.wikidata.org/wiki/Q8441,https://www.wikidata.org/wiki/Q11778819,http://viaf.org/viaf/117895789,157,PL_BezCenzury_articles;PL_BN_books,Ugaczowa Pałła,,,,,,False
Kosut Henryk,Kosut,Henryk,1928-01-01T00:00:00Z,2004-01-01T00:00:00Z,,,,https://www.wikidata.org/wiki/Q8441,https://www.wikidata.org/wiki/Q100605078,http://viaf.org/viaf/302200296,1570,PL_BN_books,,,,,,,False
Chagall Marc,Chagall,Marc,1887-07-07T00:00:00Z❦1887-07-06T00:00:00Z,1985-03-28T00:00:00Z,https://www.wikidata.org/wiki/Q16947657|https://www.wikidata.org/wiki/Q2707485|https://www.wikidata.org/wiki/Q1028181|https://www.wikidata.org/wiki/Q627325|https://www.wikidata.org/wiki/Q49757|https://www.wikidata.org/wiki/Q11569986|https://www.wikidata.org/wiki/Q483501|https://www.wikidata.org/wiki/Q644687|https://www.wikidata.org/wiki/Q5322166,https://www.wikidata.org/wiki/Q1025872,https://www.wikidata.org/wiki/Q208260,https://www.wikidata.org/wiki/Q8441,https://www.wikidata.org/wiki/Q93284,http://viaf.org/viaf/103953801,1571,PL_BN_books,,,,,,,False
Ulicki Jarosław,Ulicki,Jarosław,,,,,,,,http://viaf.org/viaf/300759093,1572,PL_BN_books,,,,,,,False
Robiński Tomasz,Robiński,Tomasz,1954-01-16T00:00:00Z,,https://www.wikidata.org/wiki/Q1930187|https://www.wikidata.org/wiki/Q71049101|https://www.wikidata.org/wiki/Q333634,https://www.wikidata.org/wiki/Q106681,,https://www.wikidata.org/wiki/Q8441,https://www.wikidata.org/wiki/Q9152266,http://viaf.org/viaf/29173295,1573,PL_BN_books,T. R.,,,,,,False
Jaworska Grażyna,Jaworska,Grażyna,,,,,,,,http://viaf.org/viaf/163630688,1574,PL_BN_books,,,,,,,False
Kalinowski Witold,Kalinowski,Witold,,,,,,,,http://viaf.org/viaf/101748881,1577,PL_BN_books,Balista Krzysztof,,,,,,False
Kocjan Antoni,Kocjan,Antoni,,,,,,,,http://viaf.org/viaf/302022732,1578,PL_BN_books,,,,,,,False
Turowiczowa Anna,Turowiczowa,Anna,1916-06-07T00:00:00Z,2000-06-23T00:00:00Z,https://www.wikidata.org/wiki/Q201788|https://www.wikidata.org/wiki/Q333634,,,https://www.wikidata.org/wiki/Q467,https://www.wikidata.org/wiki/Q9155770,http://viaf.org/viaf/16985151,1579,PL_BN_books,,,,,,,False
Jagliński Marek,Jagliński,Marek,,,,,,,,http://viaf.org/viaf/102068173,158,PL_BN_books,,,,,,,False
Górka Magdalena,Górka,Magdalena,,,,,,,,http://viaf.org/viaf/1300159234261903371169,1580,PL_BN_books,,,,,,,False
Sieradzki Wojciech,Sieradzki,Wojciech,1948,,,,,,,http://viaf.org/viaf/429458,1582,PL_BN_books,Dąbrowski Józef Władysław,,,,,,False
Aron Raymond,Aron,Raymond,1904-03-14T00:00:00Z❦1905-03-14T00:00:00Z,1983-10-17T00:00:00Z,https://www.wikidata.org/wiki/Q1930187|https://www.wikidata.org/wiki/Q4964182|https://www.wikidata.org/wiki/Q36180|https://www.wikidata.org/wiki/Q2306091|https://www.wikidata.org/wiki/Q1238570|https://www.wikidata.org/wiki/Q25339110|https://www.wikidata.org/wiki/Q1227195,https://www.wikidata.org/wiki/Q90,https://www.wikidata.org/wiki/Q90,https://www.wikidata.org/wiki/Q8441,https://www.wikidata.org/wiki/Q160640,http://viaf.org/viaf/51685009,1583,PL_BN_books,,,,,,,False
Zajączkowska- Mitznerowa Larysa,Zajączkowska- Mitznerowa,Larysa,1918-08-07T00:00:00Z,1987-12-29T00:00:00Z,https://www.wikidata.org/wiki/Q36180,https://www.wikidata.org/wiki/Q1899,https://www.wikidata.org/wiki/Q270,https://www.wikidata.org/wiki/Q467,https://www.wikidata.org/wiki/Q11752902,http://viaf.org/viaf/56749119,1584,PL_BN_books,Trzcińska Maria,,,,,,False
Hetman Jan,Hetman,Jan,,,,,,,,http://viaf.org/viaf/303626970,1585,PL_BN_books,,,,,,,False
HAP,HAP,,,,,,,,,http://viaf.org/viaf/289070513,1586,PL_BN_books,,,,,,,False
O.,O.,,,,,,,,,http://viaf.org/viaf/302610501,1587,PL_BN_books,,,,,,,False
Grochowski Tomasz,Grochowski,Tomasz,,,,,,,,http://viaf.org/viaf/101892916,1588,PL_BN_books,,,,,,,False
Kołyczew Filip,Kołyczew,Filip,,,,,,,,http://viaf.org/viaf/8244159248151604870009,1589,PL_BN_books,,,,,,,False
Jagodziński Andrzej Sławomir,Jagodziński,Andrzej Sławomir,1954-01-16T00:00:00Z,,https://www.wikidata.org/wiki/Q1930187|https://www.wikidata.org/wiki/Q71049101|https://www.wikidata.org/wiki/Q333634,https://www.wikidata.org/wiki/Q106681,,https://www.wikidata.org/wiki/Q8441,https://www.wikidata.org/wiki/Q9152266,http://viaf.org/viaf/29173295,159,PL_BezCenzury_books;CZ_books;CZ_articles;PL_BezCenzury_articles;PL_BN_books,,,,,Jagodziński Andrzej,,False
Patrzałek Anna,Patrzałek,Anna,,,,,,,,http://viaf.org/viaf/36483128,1592,PL_BN_books,Stelmachowa Stanisława,,,,Patrzałkowa Anna,,False
Patrzałek Tadeusz,Patrzałek,Tadeusz,,,,,,,,http://viaf.org/viaf/66880377,1593,PL_BN_books,Żernicki Jan|Żernicki Jan;Stelmachowa Stanisława|Stelmachowa Stanisława,,,,,,False
Korzec Paweł,Korzec,Paweł,1919-10-28T00:00:00Z,2012-05-15T00:00:00Z,https://www.wikidata.org/wiki/Q201788,https://www.wikidata.org/wiki/Q580,https://www.wikidata.org/wiki/Q90,https://www.wikidata.org/wiki/Q8441,https://www.wikidata.org/wiki/Q3373181,http://viaf.org/viaf/94496471,1595,PL_BN_books,,,,,,,False
Bogdan Sophie,Bogdan,Sophie,,,,,,,,http://viaf.org/viaf/162623656,1596,PL_BN_books,,,,,,,False
Andrzejewski Jakub,Andrzejewski,Jakub,,,,,,,,http://viaf.org/viaf/39402122,1598,PL_BN_books,,,,,,,False
Alchian A.,Alchian,A.,1914-04-12T00:00:00Z,2013-02-19T00:00:00Z,https://www.wikidata.org/wiki/Q1622272|https://www.wikidata.org/wiki/Q1227195,https://www.wikidata.org/wiki/Q43301,https://www.wikidata.org/wiki/Q65,https://www.wikidata.org/wiki/Q8441,https://www.wikidata.org/wiki/Q240448,http://viaf.org/viaf/44368300,1599,PL_BN_books,,,,,,,False
Gajewski Kazimierz,Gajewski,Kazimierz,,,,,,,,http://viaf.org/viaf/166831791,16,PL_BN_books,,,,,,,False
Jakubowicz Szymon,Jakubowicz,Szymon,,,,,,,,http://viaf.org/viaf/74265722,160,PL_BN_books,,,,,,,False
Z. H.,Z. H.,Z. H.,,,,,,,,http://viaf.org/viaf/311219096,1600,CZ_articles;PL_BN_books,,['[Protější chodník (smz.)]'],,,[Protější chodník (smz.)],,False
Gruba Alfred B.,Gruba,Alfred B.,,,,,,,,http://viaf.org/viaf/303533459,1602,PL_BN_books,,,,,,,False
Pruski Zygmunt,Pruski,Zygmunt,,,,,,,,http://viaf.org/viaf/161632931,1603,PL_BN_books,,,,,,,False
Sijanowa Olga,Sijanowa,Olga,,,,,,,,http://viaf.org/viaf/101935180,1604,PL_BN_books,,,,,,,False
Bieńkowski Marek,Bieńkowski,Marek,1952-11-24T00:00:00Z,,https://www.wikidata.org/wiki/Q49757,https://www.wikidata.org/wiki/Q1792,,https://www.wikidata.org/wiki/Q8441,https://www.wikidata.org/wiki/Q11768022,http://viaf.org/viaf/102055390,1605,PL_BN_books,,,,,,,False
Janiszewski Jerzy,Janiszewski,Jerzy,1952-03-11T00:00:00Z,,https://www.wikidata.org/wiki/Q627325|https://www.wikidata.org/wiki/Q483501,https://www.wikidata.org/wiki/Q104725,,https://www.wikidata.org/wiki/Q8441,https://www.wikidata.org/wiki/Q6185402,http://viaf.org/viaf/102167497,1606,PL_BN_books,,,,,,,False
Graczyk Andrzej,Graczyk,Andrzej,,,,,,,,http://viaf.org/viaf/96717184,1607,PL_BN_books,,,,,,,False
Siwinski Stiv,Siwinski,Stiv,,,,,,,,http://viaf.org/viaf/300381050,1608,PL_BN_books,,,,,,,False
Salmanowicz Józef,Salmanowicz,Józef,,,,,,,,http://viaf.org/viaf/63154052,1609,PL_BN_books,,,,,,,False
Jakunin Gleb,Jakunin,Gleb,1934-03-04T00:00:00Z,2014-12-25T00:00:00Z,https://www.wikidata.org/wiki/Q82955|https://www.wikidata.org/wiki/Q1476215,https://www.wikidata.org/wiki/Q649,https://www.wikidata.org/wiki/Q649,https://www.wikidata.org/wiki/Q8441,https://www.wikidata.org/wiki/Q705873,http://viaf.org/viaf/60015835,161,PL_BN_books,,,,,,,False
Bielatowicz Jan,Bielatowicz,Jan,1913-11-16T00:00:00Z,1965-11-27T00:00:00Z,https://www.wikidata.org/wiki/Q4263842,https://www.wikidata.org/wiki/Q983983,https://www.wikidata.org/wiki/Q84,https://www.wikidata.org/wiki/Q8441,https://www.wikidata.org/wiki/Q11717045,http://viaf.org/viaf/9886871,1610,PL_BN_books,,,,,,,False
Illg Jacek,Illg,Jacek,1955,,,,,,,http://viaf.org/viaf/44720395,1611,PL_BezCenzury_books;PL_BezCenzury_articles;PL_BN_books,Prażak Maciej|Prażek Maciej,,,,,,False
Lapszyc H.,Lapszyc,H.,,,,,,,,http://viaf.org/viaf/165454733,1615,PL_BN_books,,,,,,,False
Surażyński Piotr,Surażyński,Piotr,,,,,,,,http://viaf.org/viaf/164051076,1617,PL_BN_books,,,,,,,False
Leube Kurt R.,Leube,Kurt R.,,,,,,,,http://viaf.org/viaf/44325786,1618,PL_BN_books,,,,,,,False
Colbert Andrzej,Colbert,Andrzej,,,,,,,,http://viaf.org/viaf/301399568,1620,PL_BN_books,,,,,,,False
Waczków Józef,Waczków,Józef,1933-03-01T00:00:00Z,,https://www.wikidata.org/wiki/Q49757|https://www.wikidata.org/wiki/Q333634,https://www.wikidata.org/wiki/Q393251,https://www.wikidata.org/wiki/Q270,https://www.wikidata.org/wiki/Q8441,https://www.wikidata.org/wiki/Q11731566,http://viaf.org/viaf/65317511,1622,PL_BezCenzury_articles;PL_BN_books,,,,,,,False
Tabin Marek,Tabin,Marek,1940-04-25T00:00:00Z,,https://www.wikidata.org/wiki/Q2306091,,,https://www.wikidata.org/wiki/Q8441,https://www.wikidata.org/wiki/Q16574659,http://viaf.org/viaf/101828627,1623,PL_BN_books,,,,,,,False
Kuszelewska Stanisława,Kuszelewska,Stanisława,,,,,,,,http://viaf.org/viaf/1740159478207227990006,1625,PL_BN_books,,,,,,,False
Horzelski Jerzy,Horzelski,Jerzy,,,,,,,,http://viaf.org/viaf/163811947,1626,PL_BN_books,,,,,,,False
Wolinski Georges,Wolinski,Georges,1934-06-29T00:00:00Z,2015-01-07T00:00:00Z,https://www.wikidata.org/wiki/Q715301|https://www.wikidata.org/wiki/Q1930187|https://www.wikidata.org/wiki/Q1028181|https://www.wikidata.org/wiki/Q36180|https://www.wikidata.org/wiki/Q3658608,https://www.wikidata.org/wiki/Q3572,https://www.wikidata.org/wiki/Q169293,https://www.wikidata.org/wiki/Q8441,https://www.wikidata.org/wiki/Q1375265,http://viaf.org/viaf/57143693,1627,PL_BN_books,,,,,,,False
Leja Magdalena,Leja,Magdalena,1935-04-27T00:00:00Z,2006-05-14T00:00:00Z,https://www.wikidata.org/wiki/Q28389,,,https://www.wikidata.org/wiki/Q467,https://www.wikidata.org/wiki/Q11765984,http://viaf.org/viaf/57178444,1628,PL_BN_books,Radecka M.,,,,,,False
Filipowicz Maria,Filipowicz,Maria,,,,,,,,http://viaf.org/viaf/299594640,1629,PL_BN_books,,,,,,,False
Coldefy- Faucard Anne,Coldefy- Faucard,Anne,1950-01-01T00:00:00Z,,https://www.wikidata.org/wiki/Q333634,,,https://www.wikidata.org/wiki/Q467,https://www.wikidata.org/wiki/Q99689277,http://viaf.org/viaf/12306688,1631,PL_BN_books,,,,,,,False
Błoński Jan,Błoński,Jan,1931-01-15T00:00:00Z,2009-02-10T00:00:00Z,https://www.wikidata.org/wiki/Q201788|https://www.wikidata.org/wiki/Q4263842|https://www.wikidata.org/wiki/Q36180|https://www.wikidata.org/wiki/Q1622272|https://www.wikidata.org/wiki/Q333634,https://www.wikidata.org/wiki/Q270,https://www.wikidata.org/wiki/Q31487,https://www.wikidata.org/wiki/Q8441,https://www.wikidata.org/wiki/Q6148665,http://viaf.org/viaf/68953543,1632,PL_BN_books,,,,,,,False
Żeleński Tadeusz,Żeleński,Tadeusz,1874-12-21T00:00:00Z,1941-07-04T00:00:00Z,https://www.wikidata.org/wiki/Q1930187|https://www.wikidata.org/wiki/Q4263842|https://www.wikidata.org/wiki/Q39631|https://www.wikidata.org/wiki/Q49757|https://www.wikidata.org/wiki/Q36180|https://www.wikidata.org/wiki/Q14467526|https://www.wikidata.org/wiki/Q1622272|https://www.wikidata.org/wiki/Q333634|https://www.wikidata.org/wiki/Q1919436,https://www.wikidata.org/wiki/Q270,https://www.wikidata.org/wiki/Q36036,https://www.wikidata.org/wiki/Q8441,https://www.wikidata.org/wiki/Q699597,http://viaf.org/viaf/2478472,1633,PL_BN_books,Boy,,,,,,False
Małopolski Stanisław,Małopolski,Stanisław,,,,,,,,http://viaf.org/viaf/303557039,1634,PL_BN_books,,,,,,,False
Garewicz Jan,Garewicz,Jan,1921-07-21T00:00:00Z,2002-02-15T00:00:00Z,https://www.wikidata.org/wiki/Q4964182,https://www.wikidata.org/wiki/Q580,https://www.wikidata.org/wiki/Q270,https://www.wikidata.org/wiki/Q8441,https://www.wikidata.org/wiki/Q11717515,http://viaf.org/viaf/12715175,1635,PL_BN_books,,,,,,,False
Siedlecka Joanna,Siedlecka,Joanna,1949-02-24T00:00:00Z,,https://www.wikidata.org/wiki/Q36180,https://www.wikidata.org/wiki/Q761,,https://www.wikidata.org/wiki/Q467,https://www.wikidata.org/wiki/Q6205969,http://viaf.org/viaf/74265526,1636,PL_BN_books,,,,,,,False
Mleczko Andrzej,Mleczko,Andrzej,1949-01-05T00:00:00Z,,https://www.wikidata.org/wiki/Q15296811,https://www.wikidata.org/wiki/Q28516,,https://www.wikidata.org/wiki/Q8441,https://www.wikidata.org/wiki/Q515298,http://viaf.org/viaf/13110035,1637,PL_BN_books,,,,,,,False
IBM,IBM,,,,,,,,,http://viaf.org/viaf/301901791,1639,PL_BN_books,,,,,,,False
Janina N,Janina N,,,,,,,,,http://viaf.org/viaf/300720787,164,PL_BN_books,,,,,,,False
Kłoczowski Piotr,Kłoczowski,Piotr,1949-12-14T00:00:00Z,,https://www.wikidata.org/wiki/Q876864|https://www.wikidata.org/wiki/Q13570226|https://www.wikidata.org/wiki/Q11774202,https://www.wikidata.org/wiki/Q268,,https://www.wikidata.org/wiki/Q8441,https://www.wikidata.org/wiki/Q11817735,http://viaf.org/viaf/12363971,1640,PL_BN_books,,,,,,,False
Piłsudska Wanda,Piłsudska,Wanda,1918-02-07T00:00:00Z,2001-01-16T00:00:00Z,https://www.wikidata.org/wiki/Q211346,https://www.wikidata.org/wiki/Q270,https://www.wikidata.org/wiki/Q270,https://www.wikidata.org/wiki/Q467,https://www.wikidata.org/wiki/Q7967130,http://viaf.org/viaf/161830937,1642,PL_BN_books,,,,,,,False
"Jawłowska, Aldona",Jawłowska,Aldona,1934-12-08T00:00:00Z,2010-05-15T00:00:00Z,https://www.wikidata.org/wiki/Q2306091,https://www.wikidata.org/wiki/Q270,,https://www.wikidata.org/wiki/Q467,https://www.wikidata.org/wiki/Q9144710,http://viaf.org/viaf/73951490,1643,CZ_articles;PL_BN_books,,,,,,,False
Bod Ladislas,Bod,Ladislas,,,,,,,,http://viaf.org/viaf/300729871,1644,PL_BN_books,,,,,,,False
Grudzińska- Gross Irena,Grudzińska- Gross,Irena,1946-12-15T00:00:00Z,,https://www.wikidata.org/wiki/Q4263842|https://www.wikidata.org/wiki/Q13570226|https://www.wikidata.org/wiki/Q6051619|https://www.wikidata.org/wiki/Q15980158,https://www.wikidata.org/wiki/Q385,,https://www.wikidata.org/wiki/Q467,https://www.wikidata.org/wiki/Q11713750,http://viaf.org/viaf/94896970,1645,PL_BN_books,,,,,,,False
Bukowiński Władysław,Bukowiński,Władysław,1904-12-22T00:00:00Z,1974-12-03T00:00:00Z,https://www.wikidata.org/wiki/Q250867|https://www.wikidata.org/wiki/Q432386|https://www.wikidata.org/wiki/Q219477|https://www.wikidata.org/wiki/Q16827718,https://www.wikidata.org/wiki/Q158799,https://www.wikidata.org/wiki/Q484706,https://www.wikidata.org/wiki/Q8441,https://www.wikidata.org/wiki/Q4098614,http://viaf.org/viaf/61963313,1646,PL_BN_books,,,,,,,False
Borowska Maria,Borowska,Maria,,,,,,,,http://viaf.org/viaf/18531816,1647,PL_BN_books,,,,,,,False
Pisarek Teresa,Pisarek,Teresa,,,,,,,,http://viaf.org/viaf/164003661,1648,PL_BN_books,,,,,,,False
Łomaczewska Danuta B.,Łomaczewska,Danuta B.,1928-10-27T00:00:00Z,2009-08-28T00:00:00Z,,,,https://www.wikidata.org/wiki/Q467,https://www.wikidata.org/wiki/Q16335436,http://viaf.org/viaf/48817196,1650,PL_BN_books,Wereszyca Jerzy,,,,,,False
Fed Mirosław,Fed,Mirosław,,,,,,,,http://viaf.org/viaf/301031768,1651,PL_BN_books,,,,,,,False
Szukalski Wiesław,Szukalski,Wiesław,,,,,,,,http://viaf.org/viaf/303872169,1652,PL_BN_books,,,,,,,False
Sendziwoj Franciszek,Sendziwoj,Franciszek,,,,,,,,http://viaf.org/viaf/311120820,1653,PL_BN_books,,,,,,,False
Tusk Buni,Tusk,Buni,1935-05-23T00:00:00Z,2000-03-28T00:00:00Z,https://www.wikidata.org/wiki/Q1281618,https://www.wikidata.org/wiki/Q1792,,https://www.wikidata.org/wiki/Q8441,https://www.wikidata.org/wiki/Q9179919,http://viaf.org/viaf/162263887,1654,PL_BN_books,,,,,,,False
Cichocki Maciej,Cichocki,Maciej,,,,,,,,http://viaf.org/viaf/164455803,1655,PL_BN_books,,,,,,,False
Wilowski Andrzej,Wilowski,Andrzej,,,,,,,,http://viaf.org/viaf/303264397,1657,PL_BN_books,,,,,,['il'],False
Morawiec Elżbieta,Morawiec,Elżbieta,1940-10-05T00:00:00Z,,https://www.wikidata.org/wiki/Q17337766,https://www.wikidata.org/wiki/Q461513,,https://www.wikidata.org/wiki/Q467,https://www.wikidata.org/wiki/Q9253210,http://viaf.org/viaf/48150151,1659,PL_BezCenzury_articles;PL_BN_books,,,,,,,False
Jankowski Stanisław Maria,Jankowski,Stanisław Maria,1945-12-09T00:00:00Z,,https://www.wikidata.org/wiki/Q1930187,,,https://www.wikidata.org/wiki/Q8441,https://www.wikidata.org/wiki/Q9342519,http://viaf.org/viaf/2513486,166,PL_BN_books,,,,,,,False
Bociański Tadeusz,Bociański,Tadeusz,,,,,,,,http://viaf.org/viaf/301715710,1661,PL_BN_books,,,,,,,False
Turynowa Felicja,Turynowa,Felicja,,,,,,,,http://viaf.org/viaf/166191372,1662,PL_BN_books,,,,,,,False
Trammer Jerzy,Trammer,Jerzy,1947,,,,,,,http://viaf.org/viaf/29428526,1663,PL_BN_books,,,,,,,False
MIM,MIM,,,,,,,,,http://viaf.org/viaf/163196045,1664,PL_BN_books,,,,,,,False
Stasiński Z.,Stasiński,Z.,,,,,,,,http://viaf.org/viaf/301273561,1665,PL_BN_books,,,,,,,False
Nowacki Jan,Nowacki,Jan,,,,,,,,http://viaf.org/viaf/163412115,1666,PL_BN_books,,,,,,,False
Żórawski Kazimierz,Żórawski,Kazimierz,,,,,,,,http://viaf.org/viaf/25008746,1667,PL_BN_books,Ring Ludwik,,,,,,False
Nadziany A.,Nadziany,A.,,,,,,,,http://viaf.org/viaf/163998757,1668,PL_BN_books,,,,,,,False
Wiśniewski Rafał,Wiśniewski,Rafał,1965-02-22T00:00:00Z,,https://www.wikidata.org/wiki/Q193391,https://www.wikidata.org/wiki/Q580,,https://www.wikidata.org/wiki/Q8441,https://www.wikidata.org/wiki/Q9303135,http://viaf.org/viaf/102022429,1669,PL_BN_books,,,,,,,False
Janowski Andrzej,Janowski,Andrzej,,,,,,,,http://viaf.org/viaf/101829106,167,PL_BN_books,Biały Janusz|Wyrwa Wacław,,,,,,False
Brzostowska Zofia,Brzostowska,Zofia,,,,,,,,http://viaf.org/viaf/12723827,1670,PL_BN_books,,,,,,,False
Salski Jacek,Salski,Jacek,,,,,,,,http://viaf.org/viaf/693160310476358300003,1671,PL_BN_books,,,,,,,False
Tarczyńska Maria,Tarczyńska,Maria,,,,,,,,http://viaf.org/viaf/6799159248176204870003,1672,PL_BN_books,,,,,,,False
Woźniak Zbigniew,Woźniak,Zbigniew,,,,,,,,http://viaf.org/viaf/58283528,1673,PL_BN_books,Bujwid Andrzej,,,,,,False
Zagrodzki Antoni,Zagrodzki,Antoni,,,,,,,,http://viaf.org/viaf/303599323,1674,PL_BN_books,,,,,,,False
Maulnier Thierry,Maulnier,Thierry,1909-11-28T00:00:00Z,1988-01-01T00:00:00Z,https://www.wikidata.org/wiki/Q1930187|https://www.wikidata.org/wiki/Q36180,https://www.wikidata.org/wiki/Q193183,https://www.wikidata.org/wiki/Q636993,https://www.wikidata.org/wiki/Q8441,https://www.wikidata.org/wiki/Q683230,http://viaf.org/viaf/111076827,1675,PL_BN_books,Thierry Maulnier|Jacques Darcy|Dominique Bertin|Jean Servière,,,,,,False
Dudziński Andrzej,Dudziński,Andrzej,1945-12-14T00:00:00Z,,https://www.wikidata.org/wiki/Q627325|https://www.wikidata.org/wiki/Q1028181|https://www.wikidata.org/wiki/Q3658608|https://www.wikidata.org/wiki/Q33231,https://www.wikidata.org/wiki/Q92689,,https://www.wikidata.org/wiki/Q8441,https://www.wikidata.org/wiki/Q9151917,http://viaf.org/viaf/101716730,1676,PL_BN_books,,,,,,,False
Marciszuk Piotr,Marciszuk,Piotr,,,,,,,,http://viaf.org/viaf/113994761,1677,PL_BN_books,P. M.,,,,,,False
Krab,Krab,,,,,,,,,http://viaf.org/viaf/164497003,1678,PL_BN_books,,,,,,,False
Mentzel Zbigniew,Mentzel,Zbigniew,1951-04-20T00:00:00Z❦1951-01-01T00:00:00Z,,https://www.wikidata.org/wiki/Q11774202|https://www.wikidata.org/wiki/Q12144794,https://www.wikidata.org/wiki/Q270,,https://www.wikidata.org/wiki/Q8441,https://www.wikidata.org/wiki/Q9388144,http://viaf.org/viaf/61846910,1679,PL_BN_books,,,,,,,False
Jan Paweł II papież,Jan Paweł,,1920-05-18T00:00:00Z,2005-04-02T00:00:00Z,https://www.wikidata.org/wiki/Q25393460|https://www.wikidata.org/wiki/Q4964182|https://www.wikidata.org/wiki/Q49757|https://www.wikidata.org/wiki/Q36180|https://www.wikidata.org/wiki/Q82955|https://www.wikidata.org/wiki/Q25339110|https://www.wikidata.org/wiki/Q1469535|https://www.wikidata.org/wiki/Q1476215|https://www.wikidata.org/wiki/Q860918,https://www.wikidata.org/wiki/Q212856,https://www.wikidata.org/wiki/Q145093,https://www.wikidata.org/wiki/Q8441,https://www.wikidata.org/wiki/Q989,http://viaf.org/viaf/35605,168,CZ_books;CZ_articles;PL_BN_books,Jawień Andrzej;A. J.;Gruda Stanisław Andrzej;Jasień Piotr,['papież'],['II'],['Wojtyła Karol'],Ivan Pavlo II,['2'],False
Bulgakov Michail Afanas'evič,Bulgakov,Michail Afanas'evič,1891-05-15T00:00:00Z,1940-03-10T00:00:00Z,https://www.wikidata.org/wiki/Q33999|https://www.wikidata.org/wiki/Q487596|https://www.wikidata.org/wiki/Q1930187|https://www.wikidata.org/wiki/Q3387717|https://www.wikidata.org/wiki/Q39631|https://www.wikidata.org/wiki/Q36180|https://www.wikidata.org/wiki/Q36180|https://www.wikidata.org/wiki/Q9334029|https://www.wikidata.org/wiki/Q864380|https://www.wikidata.org/wiki/Q28389|https://www.wikidata.org/wiki/Q774306|https://www.wikidata.org/wiki/Q8178443|https://www.wikidata.org/wiki/Q6625963|https://www.wikidata.org/wiki/Q15949613|https://www.wikidata.org/wiki/Q18844224,https://www.wikidata.org/wiki/Q1899,https://www.wikidata.org/wiki/Q649,https://www.wikidata.org/wiki/Q8441,https://www.wikidata.org/wiki/Q835,http://viaf.org/viaf/99836700,1680,PL_BN_books,,,,,Bułhakow Michał,,False
Roman Andrzej,Roman,Andrzej,1927-05-17T00:00:00Z,2011-12-17T00:00:00Z,,https://www.wikidata.org/wiki/Q270,,https://www.wikidata.org/wiki/Q8441,https://www.wikidata.org/wiki/Q9153384,http://viaf.org/viaf/101864101,1681,PL_BN_books,,,,,,,False
Balińska Alicja,Balińska,Alicja,,,,,,,,http://viaf.org/viaf/63855738,1682,PL_BN_books,,,,,,,False
Kohan John,Kohan,John,,,,,,,,http://viaf.org/viaf/1647159234131303370894,1683,PL_BN_books,,,,,,,False
Katarzyna X,Katarzyna X,,,,,,,,,http://viaf.org/viaf/311247841,1685,PL_BN_books,,,,,,,True
Leng Michał,Leng,Michał,,,,,,,,http://viaf.org/viaf/102029244,1686,PL_BezCenzury_articles;PL_BN_books,,,,,,,False
I. Sz.,I. Sz.,,,,,,,,,http://viaf.org/viaf/308734990,1687,PL_BN_books,,,,,,,True
Rudolf Stanisław,Rudolf,Stanisław,,,,,,,,http://viaf.org/viaf/108696672,1688,PL_BN_books,,,,,,,False
Bullock Alan Louis Charles,Bullock,Alan Louis Charles,1914-12-13T00:00:00Z,2004-02-02T00:00:00Z,https://www.wikidata.org/wiki/Q82955|https://www.wikidata.org/wiki/Q864380|https://www.wikidata.org/wiki/Q201788|https://www.wikidata.org/wiki/Q17489339,https://www.wikidata.org/wiki/Q265647,https://www.wikidata.org/wiki/Q34217,https://www.wikidata.org/wiki/Q8441,https://www.wikidata.org/wiki/Q335167,http://viaf.org/viaf/100225455,1689,PL_BN_books,,,,,,,False
Barcz Krzysztof,Barcz,Krzysztof,,,,,,,,http://viaf.org/viaf/33578541,169,PL_BN_books,,,,,,,False
Limprecht Joseph A.,Limprecht,Joseph A.,1946-01-01T00:00:00Z,2002-05-19T00:00:00Z,,,,https://www.wikidata.org/wiki/Q8441,https://www.wikidata.org/wiki/Q51881653,http://viaf.org/viaf/301990641,1691,PL_BN_books,,,,,,,False
W.M.,W.M.,,,,,,,,,http://viaf.org/viaf/1248159478275027990002,1694,PL_BN_books,,,,,,,False
Dwurnik Edward,Dwurnik,Edward,1943-04-19T00:00:00Z,2018-10-28T00:00:00Z,https://www.wikidata.org/wiki/Q627325|https://www.wikidata.org/wiki/Q11569986|https://www.wikidata.org/wiki/Q1028181,https://www.wikidata.org/wiki/Q609246,https://www.wikidata.org/wiki/Q270,https://www.wikidata.org/wiki/Q8441,https://www.wikidata.org/wiki/Q9250846,http://viaf.org/viaf/96347929,1696,PL_BN_books,,,,,,,False
K,,,,,,,,,,http://viaf.org/viaf/102199415,1698,PL_BN_books,,,,,,,False
Stallybras Oliver,Stallybras,Oliver,1925-01-01T00:00:00Z,1978-11-28T00:00:00Z,,,,https://www.wikidata.org/wiki/Q8441,https://www.wikidata.org/wiki/Q59532043,http://viaf.org/viaf/68969509,1699,PL_BN_books,,,,,,,False
Galič Aleksandr Arkad'evič,Galič,Aleksandr Arkad'evič,1918-10-19T00:00:00Z,1977-12-15T00:00:00Z,https://www.wikidata.org/wiki/Q487596|https://www.wikidata.org/wiki/Q488205|https://www.wikidata.org/wiki/Q49757|https://www.wikidata.org/wiki/Q36180|https://www.wikidata.org/wiki/Q855091|https://www.wikidata.org/wiki/Q177220|https://www.wikidata.org/wiki/Q753110|https://www.wikidata.org/wiki/Q822146|https://www.wikidata.org/wiki/Q28389|https://www.wikidata.org/wiki/Q36834,https://www.wikidata.org/wiki/Q48256,https://www.wikidata.org/wiki/Q90,https://www.wikidata.org/wiki/Q8441,https://www.wikidata.org/wiki/Q2459284,http://viaf.org/viaf/109908810,17,PL_BN_books,Галич,,,,Galicz Aleksander,,False
Janusz Kazimierz,Janusz,Kazimierz,1925-11-27T00:00:00Z,2014-12-08T00:00:00Z,,,https://www.wikidata.org/wiki/Q270,https://www.wikidata.org/wiki/Q8441,https://www.wikidata.org/wiki/Q11737960,http://viaf.org/viaf/33790767,170,PL_BN_books,,,,,,,False
Estreicher Stanisław,Estreicher,Stanisław,1869-11-26T00:00:00Z,1939-12-28T00:00:00Z,https://www.wikidata.org/wiki/Q1622272|https://www.wikidata.org/wiki/Q82955|https://www.wikidata.org/wiki/Q2135538|https://www.wikidata.org/wiki/Q201788,https://www.wikidata.org/wiki/Q31487,https://www.wikidata.org/wiki/Q154498,https://www.wikidata.org/wiki/Q8441,https://www.wikidata.org/wiki/Q322499,http://viaf.org/viaf/56658556,1700,PL_BN_books,,,,,,,False
Łada- Ideyko Rustalka,Łada- Ideyko,Rustalka,,,,,,,,http://viaf.org/viaf/166647095,1701,PL_BN_books,,,,,,,False
Apanowicz Franciszek,Apanowicz,Franciszek,1944-01-01T00:00:00Z,,https://www.wikidata.org/wiki/Q13418253,,,https://www.wikidata.org/wiki/Q8441,https://www.wikidata.org/wiki/Q11698574,http://viaf.org/viaf/101800676,1702,PL_BN_books,,,,,,,False
Wągrodzki Krzysztof,Wągrodzki,Krzysztof,,,,,,,,http://viaf.org/viaf/165974158,1704,PL_BN_books,,,,,,,False
Bulwieć Chryzostom,Bulwieć,Chryzostom,,,,,,,,http://viaf.org/viaf/300597821,1705,PL_BN_books,,,,,,,False
Mieszczanek Anna,Mieszczanek,Anna,1954-01-01T00:00:00Z,,https://www.wikidata.org/wiki/Q2085381,,,https://www.wikidata.org/wiki/Q467,https://www.wikidata.org/wiki/Q9155492,http://viaf.org/viaf/101880900,1706,PL_BN_books,Żylińska Ewa,,,,,,False
Balewiczowa Maria,Balewiczowa,Maria,,,,,,,,http://viaf.org/viaf/166790615,1707,PL_BN_books,,,,,,,False
Korwin Antoni,Korwin,Antoni,,,,,,,,http://viaf.org/viaf/164023331,1708,PL_BN_books,,,,,,,False
Kasprzyk Krzysztof,Kasprzyk,Krzysztof,,,,,,,,http://viaf.org/viaf/162453723,1709,PL_BN_books,,,,,,,False
Bartczak Stanisław,Bartczak,Stanisław,,,,,,,,http://viaf.org/viaf/311120690,171,PL_BN_books,,,,,,,False
Marciszuk Piotr,Marciszuk,Piotr,,,,,,,,http://viaf.org/viaf/113994761,1710,PL_BN_books,P. M.,,,,,,False
Bunin Ivan Alekseevič,Bunin,Ivan Alekseevič,1870-10-22T00:00:00Z,1953-11-08T00:00:00Z,https://www.wikidata.org/wiki/Q487596|https://www.wikidata.org/wiki/Q49757|https://www.wikidata.org/wiki/Q36180|https://www.wikidata.org/wiki/Q12144794|https://www.wikidata.org/wiki/Q333634,https://www.wikidata.org/wiki/Q3426,https://www.wikidata.org/wiki/Q90,https://www.wikidata.org/wiki/Q8441,https://www.wikidata.org/wiki/Q46602,http://viaf.org/viaf/7387402,1711,PL_BN_books,,,,,Bunin Jan,,False
Zajączek Edward,Zajączek,Edward,,,,,,,,http://viaf.org/viaf/163904419,1712,PL_BN_books,,,,,,,False
Obarski Marek,Obarski,Marek,,,,,,,,http://viaf.org/viaf/101748517,1713,PL_BN_books,,,,,,,False
Kraska Andrzej,Kraska,Andrzej,,,,,,,,http://viaf.org/viaf/166983853,1714,PL_BN_books,,,,,,,False
Sawka Jan,Sawka,Jan,1946-12-10T00:00:00Z,2012-08-09T00:00:00Z,https://www.wikidata.org/wiki/Q1028181|https://www.wikidata.org/wiki/Q1281618|https://www.wikidata.org/wiki/Q627325|https://www.wikidata.org/wiki/Q1229025|https://www.wikidata.org/wiki/Q5322166,https://www.wikidata.org/wiki/Q103892,https://www.wikidata.org/wiki/Q3460901,https://www.wikidata.org/wiki/Q8441,https://www.wikidata.org/wiki/Q6149861,http://viaf.org/viaf/96056622,1715,PL_BN_books,,,,,,,False
Sobocki Leszek,Sobocki,Leszek,1934-11-14T00:00:00Z,,https://www.wikidata.org/wiki/Q627325|https://www.wikidata.org/wiki/Q49757|https://www.wikidata.org/wiki/Q36180|https://www.wikidata.org/wiki/Q1028181,https://www.wikidata.org/wiki/Q103217,,https://www.wikidata.org/wiki/Q8441,https://www.wikidata.org/wiki/Q11755096,http://viaf.org/viaf/161440931,1716,PL_BN_books,,,,,,,False
Zieliński Jacek K.,Zieliński,Jacek K.,,,,,,,,http://viaf.org/viaf/102132325,1717,PL_BN_books,,,,,,,False
Kopański Stanisław,Kopański,Stanisław,1895-05-19T00:00:00Z,1976-03-23T00:00:00Z,https://www.wikidata.org/wiki/Q4002659|https://www.wikidata.org/wiki/Q81096,https://www.wikidata.org/wiki/Q656,https://www.wikidata.org/wiki/Q84,https://www.wikidata.org/wiki/Q8441,https://www.wikidata.org/wiki/Q2976135,http://viaf.org/viaf/72196443,1718,PL_BN_books,,,,,,,False
Rawicz Juliusz,Rawicz,Juliusz,1936-04-03T00:00:00Z,2013-07-01T00:00:00Z,,,,https://www.wikidata.org/wiki/Q8441,https://www.wikidata.org/wiki/Q11729342,http://viaf.org/viaf/101662798,1719,PL_BN_books,Turno Jan,,,,Turno Jan,,False
Jarch Andrzej,Jarch,Andrzej,,,,,,,,http://viaf.org/viaf/7802224,172,PL_BN_books,,,,,,,False
Szymańska Anna Teresa,Szymańska,Anna Teresa,,,,,,,,http://viaf.org/viaf/102023887,1721,PL_BN_books,Szymańska Anna Teresa,,,,Bolesta Tadeusz,,False
Adamiecki Wojciech,Adamiecki,Wojciech,1934-08-20T00:00:00Z,2008-01-14T00:00:00Z,https://www.wikidata.org/wiki/Q1930187,https://www.wikidata.org/wiki/Q270,,https://www.wikidata.org/wiki/Q8441,https://www.wikidata.org/wiki/Q9376331,http://viaf.org/viaf/84287877,1722,PL_BN_books,,,,,,,False
Wnuk Marcin,Wnuk,Marcin,,,,,,,,http://viaf.org/viaf/161257485,1723,PL_BN_books,,,,,,,False
Burek Tomasz,Burek,Tomasz,1938-03-07T00:00:00Z,2017-05-01T00:00:00Z,https://www.wikidata.org/wiki/Q17167049|https://www.wikidata.org/wiki/Q11774202|https://www.wikidata.org/wiki/Q4263842,https://www.wikidata.org/wiki/Q270,https://www.wikidata.org/wiki/Q721937,https://www.wikidata.org/wiki/Q8441,https://www.wikidata.org/wiki/Q9359215,http://viaf.org/viaf/76355737,1724,PL_BN_books,,,,,,,False
Kisielińska Elżbieta,Kisielińska,Elżbieta,,,,,,,,http://viaf.org/viaf/161456045,1725,PL_BN_books,,,,,,,False
Miller Marek,Miller,Marek,1951-03-23T00:00:00Z,,https://www.wikidata.org/wiki/Q1930187,https://www.wikidata.org/wiki/Q580,,https://www.wikidata.org/wiki/Q8441,https://www.wikidata.org/wiki/Q11768321,http://viaf.org/viaf/32093850,1726,PL_BN_books,,,,,,,False
Beck Julian,Beck,Julian,,,https://www.wikidata.org/wiki/Q1930187,,,https://www.wikidata.org/wiki/Q8441,https://www.wikidata.org/wiki/Q85863404,http://viaf.org/viaf/162635138,1727,PL_BN_books,,,,,,,False
Lubicz T.,Lubicz,T.,,,,,,,,http://viaf.org/viaf/301037172,1728,PL_BN_books,,,,,,,False
Burgess Anthony,Burgess,Anthony,1917-02-25T00:00:00Z,1993-11-22T00:00:00Z,https://www.wikidata.org/wiki/Q487596|https://www.wikidata.org/wiki/Q18814623|https://www.wikidata.org/wiki/Q1930187|https://www.wikidata.org/wiki/Q4853732|https://www.wikidata.org/wiki/Q17167049|https://www.wikidata.org/wiki/Q4263842|https://www.wikidata.org/wiki/Q49757|https://www.wikidata.org/wiki/Q36180|https://www.wikidata.org/wiki/Q482980|https://www.wikidata.org/wiki/Q8178443|https://www.wikidata.org/wiki/Q333634|https://www.wikidata.org/wiki/Q28389|https://www.wikidata.org/wiki/Q6625963|https://www.wikidata.org/wiki/Q36834|https://www.wikidata.org/wiki/Q18844224,https://www.wikidata.org/wiki/Q4496047,https://www.wikidata.org/wiki/Q84,https://www.wikidata.org/wiki/Q8441,https://www.wikidata.org/wiki/Q217619,http://viaf.org/viaf/71388189,1729,PL_BN_books,Anthony Burgess,,,,,,False
Jarecki Andrzej,Jarecki,Andrzej,1933-05-03T00:00:00Z,1993-05-07T00:00:00Z,https://www.wikidata.org/wiki/Q333634,https://www.wikidata.org/wiki/Q270,https://www.wikidata.org/wiki/Q2039711,https://www.wikidata.org/wiki/Q8441,https://www.wikidata.org/wiki/Q8861940,http://viaf.org/viaf/23870176,173,PL_BN_books,Krajowiec Jan,,,,,,False
Rój- Porubska Beata,Rój- Porubska,Beata,,,,,,,,http://viaf.org/viaf/300887171,1730,PL_BN_books,,,,,,,False
Mielczarek Adam,Mielczarek,Adam,,,,,,,,http://viaf.org/viaf/237352261,1731,PL_BN_books,,,,,,,False
Holland Agnieszka,Holland,Agnieszka,1948-11-28T00:00:00Z,,https://www.wikidata.org/wiki/Q3455803|https://www.wikidata.org/wiki/Q3387717|https://www.wikidata.org/wiki/Q36180|https://www.wikidata.org/wiki/Q2526255|https://www.wikidata.org/wiki/Q28389,https://www.wikidata.org/wiki/Q270,,https://www.wikidata.org/wiki/Q467,https://www.wikidata.org/wiki/Q231019,http://viaf.org/viaf/34649187,1732,PL_BezCenzury_books;CZ_articles;PL_BN_books,,,,,,,False
Lasota Irena,Lasota,Irena,,,,,,,,http://viaf.org/viaf/303591331,1734,PL_BN_books,,,,,,,False
Helski Stanisław,Helski,Stanisław,,,,,,,,http://viaf.org/viaf/302948829,1736,PL_BN_books,,,,,,,False
B. H.,B. H.,,,,,,,,,http://viaf.org/viaf/1398159234769503372700,1737,PL_BN_books,,,,,,,True
Żukowska- Maziarska Anna,Żukowska- Maziarska,Anna,,,,,,,,http://viaf.org/viaf/102038698,1738,PL_BN_books,,,,,,,False
Cywiak Elżbieta,Cywiak,Elżbieta,,,,,,,,http://viaf.org/viaf/163805125,1739,PL_BN_books,,,,,,,False
Jarmulicz Wiktor,Jarmulicz,Wiktor,,,,,,,,http://viaf.org/viaf/16139675,174,PL_BN_books,,,,,,,False
Zieliński L.,Zieliński,L.,,,,,,,,http://viaf.org/viaf/102050558,1741,PL_BN_books,,,,,,,False
Ludwig Irena,Ludwig,Irena,,,,,,,,http://viaf.org/viaf/256121969,1742,PL_BN_books,,,,,,,False
Bust- Bartels Axel,Bust- Bartels,Axel,,,,,,,,http://viaf.org/viaf/166653292,1743,PL_BN_books,,,,,,,False
Kiks J.,Kiks,J.,,,,,,,,http://viaf.org/viaf/300415701,1745,PL_BN_books,,,,,,,True
Acton John Emerich Edward Dalberg,Acton,John Emerich Edward Dalberg,1834-01-10T00:00:00Z,1902-06-19T00:00:00Z,https://www.wikidata.org/wiki/Q1930187|https://www.wikidata.org/wiki/Q201788|https://www.wikidata.org/wiki/Q1231865|https://www.wikidata.org/wiki/Q4964182|https://www.wikidata.org/wiki/Q36180|https://www.wikidata.org/wiki/Q1622272|https://www.wikidata.org/wiki/Q82955,https://www.wikidata.org/wiki/Q2634,https://www.wikidata.org/wiki/Q260130,https://www.wikidata.org/wiki/Q8441,https://www.wikidata.org/wiki/Q311778,http://viaf.org/viaf/2510712,1748,PL_BN_books,,,,,Dalberg Acton      John Emerich Edward,,False
Wolska Irena,Wolska,Irena,,,,,,,,http://viaf.org/viaf/303537951,1749,PL_BN_books,I. W.,,,,,,False
Jaros Tadeusz,Jaros,Tadeusz,,,,,,,,http://viaf.org/viaf/75704740,175,PL_BN_books,,,,,,,False
Piwowarczyk Jan,Piwowarczyk,Jan,1889-01-29T00:00:00Z,1959-12-29T00:00:00Z,https://www.wikidata.org/wiki/Q725440,https://www.wikidata.org/wiki/Q1836974,https://www.wikidata.org/wiki/Q31487,https://www.wikidata.org/wiki/Q8441,https://www.wikidata.org/wiki/Q11718708,http://viaf.org/viaf/55577779,1750,PL_BN_books,,,,,,,False
Pelikan,Pelikan,,,,,,,,,http://viaf.org/viaf/165384973,1751,PL_BN_books,,,,,,,False
Palicki Alfred,Palicki,Alfred,,,,,,,,http://viaf.org/viaf/101708433,1752,PL_BN_books,,,,,,,False
Byrska Maria,Byrska,Maria,,,,,,,,http://viaf.org/viaf/101838407,1753,CZ_articles;PL_BN_books,,,,,,,False
Słodkowski Wojciech,Słodkowski,Wojciech,1951-01-18T00:00:00Z,2012-11-03T00:00:00Z,https://www.wikidata.org/wiki/Q1930187,https://www.wikidata.org/wiki/Q1792,https://www.wikidata.org/wiki/Q580,https://www.wikidata.org/wiki/Q8441,https://www.wikidata.org/wiki/Q9376918,http://viaf.org/viaf/164518082,1755,PL_BN_books,Olechowski Jan,,,,,,False
Klimaszewski Sławomir,Klimaszewski,Sławomir,,,,,,,,http://viaf.org/viaf/311212152,1757,PL_BN_books,,,,,,,False
Wróblewski Andrzej,Wróblewski,Andrzej,,,,,,,,http://viaf.org/viaf/101636973,1758,PL_BN_books,,,,,,,False
Andrzejewski Roman,Andrzejewski,Roman,,,,,,,,http://viaf.org/viaf/166183952,1759,PL_BN_books,,,,,,,False
Jarry Alfred,Jarry,Alfred,1873-09-08T00:00:00Z❦1873-10-08T00:00:00Z,1907-11-01T00:00:00Z,https://www.wikidata.org/wiki/Q487596|https://www.wikidata.org/wiki/Q49757|https://www.wikidata.org/wiki/Q36180|https://www.wikidata.org/wiki/Q3391743|https://www.wikidata.org/wiki/Q6430706|https://www.wikidata.org/wiki/Q11569986|https://www.wikidata.org/wiki/Q482980|https://www.wikidata.org/wiki/Q6625963,https://www.wikidata.org/wiki/Q184154,https://www.wikidata.org/wiki/Q90,https://www.wikidata.org/wiki/Q8441,https://www.wikidata.org/wiki/Q7841,http://viaf.org/viaf/66469054,176,PL_BN_books,Docteur Faustroll,,,,,,False
Bukowska Ewa,Bukowska,Ewa,,,,,,,,http://viaf.org/viaf/78362801,1760,PL_BN_books,,,,,,,False
Mak Witold,Mak,Witold,,,,,,,,http://viaf.org/viaf/249909826,1761,PL_BN_books,,,,,,,True
Ostrowski Marek,Ostrowski,Marek,1944-11-14T00:00:00Z,,https://www.wikidata.org/wiki/Q1930187|https://www.wikidata.org/wiki/Q380075,https://www.wikidata.org/wiki/Q216,,https://www.wikidata.org/wiki/Q8441,https://www.wikidata.org/wiki/Q11768367,http://viaf.org/viaf/164068068,1762,PL_BN_books,,,,,,,False
Krak Kamil,Krak,Kamil,,,,,,,,http://viaf.org/viaf/302220875,1763,PL_BN_books,,,,,,,False
Belinkov Arkadij,Belinkov,Arkadij,1921-09-29T00:00:00Z,1970-05-14T00:00:00Z,https://www.wikidata.org/wiki/Q17167049|https://www.wikidata.org/wiki/Q4263842|https://www.wikidata.org/wiki/Q36180|https://www.wikidata.org/wiki/Q12144794|https://www.wikidata.org/wiki/Q42909|https://www.wikidata.org/wiki/Q13570226|https://www.wikidata.org/wiki/Q28389,https://www.wikidata.org/wiki/Q649,https://www.wikidata.org/wiki/Q49145,https://www.wikidata.org/wiki/Q8441,https://www.wikidata.org/wiki/Q4081945,http://viaf.org/viaf/19792939,1767,PL_BN_books,,,,,Bielinkow Arkadij,,False
Osipov Vladimir,Osipov,Vladimir,,,,,,,,http://viaf.org/viaf/303871278,1768,PL_BN_books,,,,,Osipow Władimir,,False
J.,J.,,1933-06-02T00:00:00Z,,https://www.wikidata.org/wiki/Q36180,https://www.wikidata.org/wiki/Q1332942,,https://www.wikidata.org/wiki/Q8441,https://www.wikidata.org/wiki/Q12023164,http://viaf.org/viaf/3387615,1769,CZ_articles;PL_BN_books,,,,,,,False
Budzisz January,Budzisz,January,,,,,,,,http://viaf.org/viaf/302393960,1770,PL_BN_books,,,,,,,False
Łojek Jerzy,Łojek,Jerzy,1932-09-03T00:00:00Z,1986-10-07T00:00:00Z,https://www.wikidata.org/wiki/Q201788|https://www.wikidata.org/wiki/Q50359779|https://www.wikidata.org/wiki/Q36180|https://www.wikidata.org/wiki/Q6051619|https://www.wikidata.org/wiki/Q9379869,https://www.wikidata.org/wiki/Q270,https://www.wikidata.org/wiki/Q270,https://www.wikidata.org/wiki/Q8441,https://www.wikidata.org/wiki/Q6185608,http://viaf.org/viaf/17236089,1771,PL_BN_books,Jeżewski,,,,,,False
Kalbarczyk Damian,Kalbarczyk,Damian,,,,,,,,http://viaf.org/viaf/35013,1772,PL_BezCenzury_books;PL_BezCenzury_articles;PL_BN_books,Bodnar Paweł,,,,,,False
Cahill Edward,Cahill,Edward,1868-01-01T00:00:00Z,1941-07-16T00:00:00Z,https://www.wikidata.org/wiki/Q250867,https://www.wikidata.org/wiki/Q178283,,https://www.wikidata.org/wiki/Q8441,https://www.wikidata.org/wiki/Q5342182,http://viaf.org/viaf/53818431,1774,PL_BN_books,,,,,,,False
Dziewulska Małgorzata,Dziewulska,Małgorzata,1944-05-18T00:00:00Z,2020-11-25T00:00:00Z,https://www.wikidata.org/wiki/Q1622272|https://www.wikidata.org/wiki/Q4964182,https://www.wikidata.org/wiki/Q270,https://www.wikidata.org/wiki/Q209932,https://www.wikidata.org/wiki/Q8441,https://www.wikidata.org/wiki/Q11767657,http://viaf.org/viaf/13064,1775,PL_BN_books,M.K.|M. K.,,,,,,False
Barbacki Stanisław,Barbacki,Stanisław,,,,,,,,http://viaf.org/viaf/102112676,1776,PL_BN_books,,,,,,,False
Bartczak Wacław,Bartczak,Wacław,,,,,,,,http://viaf.org/viaf/162678729,1777,PL_BN_books,,,,,,,False
Golecki Franciszek,Golecki,Franciszek,,,,,,,,http://viaf.org/viaf/301684689,1778,PL_BN_books,,,,,,,False
Jasienica Paweł,Jasienica,Paweł,1909-11-10T00:00:00Z,1970-08-19T00:00:00Z,https://www.wikidata.org/wiki/Q1930187|https://www.wikidata.org/wiki/Q201788,https://www.wikidata.org/wiki/Q5627,https://www.wikidata.org/wiki/Q270,https://www.wikidata.org/wiki/Q8441,https://www.wikidata.org/wiki/Q2500770,http://viaf.org/viaf/19696978,178,PL_BN_books,,,,['Beynar Lech Leon'],,,False
Cała Alina,Cała,Alina,1953-05-19T00:00:00Z,,https://www.wikidata.org/wiki/Q17489339,https://www.wikidata.org/wiki/Q270,,https://www.wikidata.org/wiki/Q467,https://www.wikidata.org/wiki/Q4726707,http://viaf.org/viaf/2542145,1780,PL_BN_books,,,,,,,False
Losev Aleksy,Losev,Aleksy,1893-09-22T00:00:00Z,1988-05-24T00:00:00Z,https://www.wikidata.org/wiki/Q201788|https://www.wikidata.org/wiki/Q2675537|https://www.wikidata.org/wiki/Q4964182|https://www.wikidata.org/wiki/Q36180|https://www.wikidata.org/wiki/Q333634|https://www.wikidata.org/wiki/Q2468727,https://www.wikidata.org/wiki/Q175452,https://www.wikidata.org/wiki/Q649,https://www.wikidata.org/wiki/Q8441,https://www.wikidata.org/wiki/Q1248105,http://viaf.org/viaf/19795609,1781,PL_BN_books,,,,,Łosiew Aleksy,,False
Zawada Antoni,Zawada,Antoni,,,,,,,,http://viaf.org/viaf/301487164,1782,PL_BN_books,,,,,,,False
Lisicka Radmiła,Lisicka,Radmiła,,,,,,,,http://viaf.org/viaf/167235750,1785,PL_BN_books,Lisicka Radmiła,,,,Lisiccy Tadeusz i Radmiła,,False
Lisicki Tadeusz,Lisicki,Tadeusz,,,,,,,,http://viaf.org/viaf/74268016,1786,PL_BN_books,Lisicka Radmiła,,,,Lisiccy Tadeusz i Radmiła,,False
Chylak Mikołaj,Chylak,Mikołaj,1975-05-22T00:00:00Z,,https://www.wikidata.org/wiki/Q1028181,,,https://www.wikidata.org/wiki/Q8441,https://www.wikidata.org/wiki/Q11780715,http://viaf.org/viaf/303072716,1787,PL_BN_books,Masław,,,,,,False
Turkowski Romuald,Turkowski,Romuald,1951-09-16T00:00:00Z,,https://www.wikidata.org/wiki/Q201788,https://www.wikidata.org/wiki/Q278411,,https://www.wikidata.org/wiki/Q8441,https://www.wikidata.org/wiki/Q9322587,http://viaf.org/viaf/49635827,1788,PL_BN_books,Raszewski Wacław,,,,,,False
Borodziej Włodzimierz,Borodziej,Włodzimierz,1956-09-09T00:00:00Z,,https://www.wikidata.org/wiki/Q201788,https://www.wikidata.org/wiki/Q270,,https://www.wikidata.org/wiki/Q8441,https://www.wikidata.org/wiki/Q2597250,http://viaf.org/viaf/32033016,1789,PL_BN_books,Włodzimierz Leń|Leń Włodzimierz,,,,,,False
Jasiński Mirosław,Jasiński,Mirosław,1960-11-12T00:00:00Z,,https://www.wikidata.org/wiki/Q3455803|https://www.wikidata.org/wiki/Q1792450|https://www.wikidata.org/wiki/Q82955|https://www.wikidata.org/wiki/Q193391|https://www.wikidata.org/wiki/Q28389|https://www.wikidata.org/wiki/Q780596,https://www.wikidata.org/wiki/Q156828,,https://www.wikidata.org/wiki/Q8441,https://www.wikidata.org/wiki/Q11781812,http://viaf.org/viaf/84372760,179,PL_BN_books,,,,,,,False
Hulewicz Maria,Hulewicz,Maria,1913-09-30T00:00:00Z,1978-03-15T00:00:00Z,https://www.wikidata.org/wiki/Q28389,,,https://www.wikidata.org/wiki/Q467,https://www.wikidata.org/wiki/Q20029119,http://viaf.org/viaf/28922275,1790,PL_BN_books,,,,,,,False
Majewski Kazimierz,Majewski,Kazimierz,,,,,,,,http://viaf.org/viaf/932161881816434100007,1791,PL_BN_books,,,,,,,False
Thugutt Stanisław,Thugutt,Stanisław,1873-07-30T00:00:00Z,1941-06-15T00:00:00Z,https://www.wikidata.org/wiki/Q82955,https://www.wikidata.org/wiki/Q325727,https://www.wikidata.org/wiki/Q1754,https://www.wikidata.org/wiki/Q8441,https://www.wikidata.org/wiki/Q7599240,http://viaf.org/viaf/29840760,1792,PL_BN_books,,,,,,,False
Zabielski Piotr,Zabielski,Piotr,,,https://www.wikidata.org/wiki/Q1650915,,,https://www.wikidata.org/wiki/Q8441,https://www.wikidata.org/wiki/Q96102496,http://viaf.org/viaf/162659963,1793,PL_BN_books,,,,,,,False
Borowy Zygmunt,Borowy,Zygmunt,,,,,,,,http://viaf.org/viaf/167393390,1794,PL_BN_books,,,,,,,False
Sadzik Józef,Sadzik,Józef,,,,,,,,http://viaf.org/viaf/3148161212228840070005,1795,PL_BN_books,,,,,,,False
Hutnikiewicz Artur,Hutnikiewicz,Artur,1916-01-12T00:00:00Z,2005-04-16T00:00:00Z,https://www.wikidata.org/wiki/Q201788,https://www.wikidata.org/wiki/Q36036,https://www.wikidata.org/wiki/Q47554,https://www.wikidata.org/wiki/Q8441,https://www.wikidata.org/wiki/Q9160637,http://viaf.org/viaf/93348645,1796,PL_BN_books,,,,,,,False
Ziółkowska Aleksandra,Ziółkowska,Aleksandra,1949-04-15T00:00:00Z,,https://www.wikidata.org/wiki/Q36180,https://www.wikidata.org/wiki/Q580,,https://www.wikidata.org/wiki/Q467,https://www.wikidata.org/wiki/Q4715596,http://viaf.org/viaf/103661528,1797,PL_BN_books,,,,,,,False
Hudon Elżbieta,Hudon,Elżbieta,,,,,,,,http://viaf.org/viaf/40900823,1798,PL_BN_books,,,,,,,False
Szermańska Katarzyna,Szermańska,Katarzyna,,,,,,,,http://viaf.org/viaf/166605728,1799,PL_BN_books,,,,,,,False
Galicjanin,Galicjanin,,,,,,,,,http://viaf.org/viaf/1379159234252903371127,18,PL_BN_books,,,,,,,False
Spychalski Mirosław,Spychalski,Mirosław,1959-11-10T00:00:00Z,,https://www.wikidata.org/wiki/Q1930187,,,https://www.wikidata.org/wiki/Q8441,https://www.wikidata.org/wiki/Q11781933,http://viaf.org/viaf/71146044,180,PL_BN_books,,,,,,,False
Dziewanowski Marian Kamil,Dziewanowski,Marian Kamil,1913-01-01T00:00:00Z,2005-02-18T00:00:00Z,https://www.wikidata.org/wiki/Q193391|https://www.wikidata.org/wiki/Q201788|https://www.wikidata.org/wiki/Q4002659,https://www.wikidata.org/wiki/Q156713,https://www.wikidata.org/wiki/Q37836,https://www.wikidata.org/wiki/Q8441,https://www.wikidata.org/wiki/Q919989,http://viaf.org/viaf/109375215,1800,PL_BN_books,,,,,,,False
Rowiński Krzysztof,Rowiński,Krzysztof,,,,,,,,http://viaf.org/viaf/118453610,1802,PL_BN_books,,,,,,,False
Alapin Bolesław,Alapin,Bolesław,,,,,,,,http://viaf.org/viaf/303848814,1803,PL_BN_books,,,,,,,False
Dan Leo,Dan,Leo,1942-03-22T00:00:00Z,,https://www.wikidata.org/wiki/Q33999|https://www.wikidata.org/wiki/Q55960555|https://www.wikidata.org/wiki/Q36834|https://www.wikidata.org/wiki/Q177220,https://www.wikidata.org/wiki/Q577778,,https://www.wikidata.org/wiki/Q8441,https://www.wikidata.org/wiki/Q9021472,http://viaf.org/viaf/101996653,1804,PL_BN_books,Leo Dan,,,,,,False
Bukowski Jędrzej,Bukowski,Jędrzej,1935-01-06T00:00:00Z,,https://www.wikidata.org/wiki/Q333634,https://www.wikidata.org/wiki/Q140147,,https://www.wikidata.org/wiki/Q8441,https://www.wikidata.org/wiki/Q85864003,http://viaf.org/viaf/161640337,1805,PL_BN_books,,,,,,,False
Doleżal- Nowicka Irena,Doleżal- Nowicka,Irena,1923-06-26T00:00:00Z,2017-03-31T00:00:00Z,,https://www.wikidata.org/wiki/Q90,https://www.wikidata.org/wiki/Q270,https://www.wikidata.org/wiki/Q467,https://www.wikidata.org/wiki/Q97179107,http://viaf.org/viaf/101724391,1806,PL_BN_books,,,,,,,False
Čaplenko Vasyl',Čaplenko,Vasyl',1900-03-18T00:00:00Z,1990-02-04T00:00:00Z,https://www.wikidata.org/wiki/Q487596|https://www.wikidata.org/wiki/Q17167049|https://www.wikidata.org/wiki/Q4263842|https://www.wikidata.org/wiki/Q36180|https://www.wikidata.org/wiki/Q14467526|https://www.wikidata.org/wiki/Q2516852,https://www.wikidata.org/wiki/Q4320321,https://www.wikidata.org/wiki/Q1082606,https://www.wikidata.org/wiki/Q8441,https://www.wikidata.org/wiki/Q12169132,http://viaf.org/viaf/93906243,1807,PL_BN_books,,,,,,,False
Siedlecki Stanisław,Siedlecki,Stanisław,1912-09-17T00:00:00Z,2002-03-07T00:00:00Z,https://www.wikidata.org/wiki/Q520549,https://www.wikidata.org/wiki/Q31487,,https://www.wikidata.org/wiki/Q8441,https://www.wikidata.org/wiki/Q9343010,http://viaf.org/viaf/261451884,1808,PL_BN_books,,,,,,,False
Obst Jan,Obst,Jan,1876-12-24T00:00:00Z,1954-03-08T00:00:00Z,https://www.wikidata.org/wiki/Q201788|https://www.wikidata.org/wiki/Q6051619,https://www.wikidata.org/wiki/Q2079,,https://www.wikidata.org/wiki/Q8441,https://www.wikidata.org/wiki/Q94835613,http://viaf.org/viaf/78843869,1809,PL_BN_books,,,,,,,False
Jaskuła Zdzisław,Jaskuła,Zdzisław,1951-12-27T00:00:00Z,2015-10-24T00:00:00Z,https://www.wikidata.org/wiki/Q3387717|https://www.wikidata.org/wiki/Q49757,https://www.wikidata.org/wiki/Q324897,https://www.wikidata.org/wiki/Q580,https://www.wikidata.org/wiki/Q8441,https://www.wikidata.org/wiki/Q9389694,http://viaf.org/viaf/40816693,181,PL_BN_books,,,,,,,False
Dębowski Władysław,Dębowski,Władysław,,,,,,,,http://viaf.org/viaf/165857003,1810,PL_BN_books,,,,,,,False
Carillo Santiago,Carillo,Santiago,1915-01-18T00:00:00Z,2012-09-18T00:00:00Z,https://www.wikidata.org/wiki/Q82955|https://www.wikidata.org/wiki/Q36180,https://www.wikidata.org/wiki/Q12273,https://www.wikidata.org/wiki/Q2807,https://www.wikidata.org/wiki/Q8441,https://www.wikidata.org/wiki/Q298789,http://viaf.org/viaf/46755557,1811,PL_BN_books,,,,,,,False
Kęszycki Zygmunt,Kęszycki,Zygmunt,,,,,,,,http://viaf.org/viaf/311120794,1812,PL_BN_books,,,,,,,False
Zawada Weronika,Zawada,Weronika,,,,,,,,http://viaf.org/viaf/164934416,1813,PL_BN_books,,,,,,,False
H. H. H.,H. H. H.,,,,,,,,,http://viaf.org/viaf/300804414,1815,PL_BN_books,,,,,,,False
Tuwim Julian,Tuwim,Julian,1894-09-13T00:00:00Z,1953-12-27T00:00:00Z,https://www.wikidata.org/wiki/Q4853732|https://www.wikidata.org/wiki/Q1930187|https://www.wikidata.org/wiki/Q3387717|https://www.wikidata.org/wiki/Q49757|https://www.wikidata.org/wiki/Q36180|https://www.wikidata.org/wiki/Q14467526|https://www.wikidata.org/wiki/Q333634|https://www.wikidata.org/wiki/Q860918,https://www.wikidata.org/wiki/Q580,https://www.wikidata.org/wiki/Q144786,https://www.wikidata.org/wiki/Q8441,https://www.wikidata.org/wiki/Q376278,http://viaf.org/viaf/46777365,1816,PL_BN_books,,,,,,,False
Kołyszko Anna,Kołyszko,Anna,1953-03-10T00:00:00Z,2009-11-18T00:00:00Z,,https://www.wikidata.org/wiki/Q270,https://www.wikidata.org/wiki/Q270,https://www.wikidata.org/wiki/Q467,https://www.wikidata.org/wiki/Q9155325,http://viaf.org/viaf/93951956,1817,PL_BN_books,,,,,,,False
Carrère d' Encausse Hélène,Carrère d' Encausse,Hélène,1929-07-06T00:00:00Z,,https://www.wikidata.org/wiki/Q82955|https://www.wikidata.org/wiki/Q201788,https://www.wikidata.org/wiki/Q194420,,https://www.wikidata.org/wiki/Q467,https://www.wikidata.org/wiki/Q270271,http://viaf.org/viaf/82672458,1818,PL_BN_books,,,,,,,False
Bauman Zygmunt,Bauman,Zygmunt,1925-11-19T00:00:00Z,2017-01-09T00:00:00Z,https://www.wikidata.org/wiki/Q4964182|https://www.wikidata.org/wiki/Q36180|https://www.wikidata.org/wiki/Q2306091|https://www.wikidata.org/wiki/Q1622272|https://www.wikidata.org/wiki/Q6051619,https://www.wikidata.org/wiki/Q268,https://www.wikidata.org/wiki/Q39121,https://www.wikidata.org/wiki/Q8441,https://www.wikidata.org/wiki/Q158092,http://viaf.org/viaf/51744696,1819,PL_BN_books,,,,,,,False
Karkowski Czesław,Karkowski,Czesław,1949-01-01T00:00:00Z,,,,,,https://www.wikidata.org/wiki/Q106026417,http://viaf.org/viaf/23460500,1820,PL_BN_books,,,,,,,False
Jasnowski Józef,Jasnowski,Józef,1906-03-12T00:00:00Z,2009-10-09T00:00:00Z,https://www.wikidata.org/wiki/Q3332711,https://www.wikidata.org/wiki/Q7511098,https://www.wikidata.org/wiki/Q6389431,https://www.wikidata.org/wiki/Q8441,https://www.wikidata.org/wiki/Q11730429,http://viaf.org/viaf/31982457,1821,PL_BN_books,,,,,,,False
Szczepanik Edward,Szczepanik,Edward,1915-08-22T00:00:00Z,2005-10-11T00:00:00Z,https://www.wikidata.org/wiki/Q1622272|https://www.wikidata.org/wiki/Q82955|https://www.wikidata.org/wiki/Q1227195,https://www.wikidata.org/wiki/Q236083,https://www.wikidata.org/wiki/Q23135,https://www.wikidata.org/wiki/Q8441,https://www.wikidata.org/wiki/Q769974,http://viaf.org/viaf/291970336,1822,PL_BN_books,,,,,,,False
Toruńczyk Barbara,Toruńczyk,Barbara,1946-09-26T00:00:00Z,,https://www.wikidata.org/wiki/Q2085381,https://www.wikidata.org/wiki/Q270,,https://www.wikidata.org/wiki/Q467,https://www.wikidata.org/wiki/Q9165630,http://viaf.org/viaf/101854962,1823,PL_BezCenzury_articles;PL_BN_books,,,,,,,False
Lubryk Maciej,Lubryk,Maciej,,,,,,,,http://viaf.org/viaf/162826697,1824,PL_BN_books,,,,,,,False
Karel Anna,Karel,Anna,,,,,,,,http://viaf.org/viaf/102178500,1825,PL_BN_books,,,,,,,False
Rodel P.,Rodel,P.,,,,,,,,http://viaf.org/viaf/303701835,1826,PL_BN_books,,,,,,,False
Rajewski Jacek,Rajewski,Jacek,,,,,,,,http://viaf.org/viaf/162604196,1827,PL_BN_books,,,,,,,False
Nowicki Marek Antoni,Nowicki,Marek Antoni,1953-03-05T00:00:00Z,,https://www.wikidata.org/wiki/Q82955|https://www.wikidata.org/wiki/Q380075|https://www.wikidata.org/wiki/Q193391|https://www.wikidata.org/wiki/Q1476215,https://www.wikidata.org/wiki/Q218980,,https://www.wikidata.org/wiki/Q8441,https://www.wikidata.org/wiki/Q1894555,http://viaf.org/viaf/16796940,1828,PL_BN_books,,,,,,,False
Castoriadis Cornelius,Castoriadis,Cornelius,1922-03-11T00:00:00Z,1997-12-26T00:00:00Z,https://www.wikidata.org/wiki/Q212980|https://www.wikidata.org/wiki/Q3410028|https://www.wikidata.org/wiki/Q4964182|https://www.wikidata.org/wiki/Q36180|https://www.wikidata.org/wiki/Q1622272|https://www.wikidata.org/wiki/Q82955|https://www.wikidata.org/wiki/Q1227195,https://www.wikidata.org/wiki/Q406,https://www.wikidata.org/wiki/Q90,https://www.wikidata.org/wiki/Q8441,https://www.wikidata.org/wiki/Q158030,http://viaf.org/viaf/66464832,1829,PL_BN_books,Marc Coudray|Pïerre Chaulieu|Paul Cardan,,,,,,False
Nurska Kinga,Nurska,Kinga,,,,,,,,http://viaf.org/viaf/164190406,1830,PL_BN_books,,,,,,,False
Hycki Maciej,Hycki,Maciej,,,,,,,,http://viaf.org/viaf/303083585,1831,PL_BN_books,,,,,,,False
Malec Antoni,Malec,Antoni,,,,,,,,http://viaf.org/viaf/302938843,1832,PL_BN_books,,,,,,,False
Rostworowski Marek,Rostworowski,Marek,1921-02-22T00:00:00Z,1996-05-24T00:00:00Z,https://www.wikidata.org/wiki/Q1792450,https://www.wikidata.org/wiki/Q31487,https://www.wikidata.org/wiki/Q31487,https://www.wikidata.org/wiki/Q8441,https://www.wikidata.org/wiki/Q11768422,http://viaf.org/viaf/64031260,1833,PL_BN_books,,,,,,,False
Bogucki Janusz,Bogucki,Janusz,1916-12-14T00:00:00Z,1995-11-18T00:00:00Z,https://www.wikidata.org/wiki/Q1792450,https://www.wikidata.org/wiki/Q31487,https://www.wikidata.org/wiki/Q270,https://www.wikidata.org/wiki/Q8441,https://www.wikidata.org/wiki/Q60832566,http://viaf.org/viaf/56651743,1834,PL_BN_books,,,,,,,False
Syden Wacław,Syden,Wacław,,,,,,,,http://viaf.org/viaf/167099537,1836,PL_BezCenzury_articles;PL_BN_books,,,,,,,False
Céline Louis Ferdinand,Céline,Louis Ferdinand,1894-05-27T00:00:00Z,1961-07-01T00:00:00Z,https://www.wikidata.org/wiki/Q487596|https://www.wikidata.org/wiki/Q47064|https://www.wikidata.org/wiki/Q13638192|https://www.wikidata.org/wiki/Q36180|https://www.wikidata.org/wiki/Q36180|https://www.wikidata.org/wiki/Q6625963,https://www.wikidata.org/wiki/Q189715,https://www.wikidata.org/wiki/Q234735,https://www.wikidata.org/wiki/Q8441,https://www.wikidata.org/wiki/Q151820,http://viaf.org/viaf/36916020,1837,PL_BN_books,Louis-Ferdinand Destouches,,,['Destouches Louis Ferdinand'],,,False
Staff Leopold,Staff,Leopold,1878-11-14T00:00:00Z,1957-05-31T00:00:00Z,https://www.wikidata.org/wiki/Q487596|https://www.wikidata.org/wiki/Q49757|https://www.wikidata.org/wiki/Q36180|https://www.wikidata.org/wiki/Q333634,https://www.wikidata.org/wiki/Q36036,https://www.wikidata.org/wiki/Q644002,https://www.wikidata.org/wiki/Q8441,https://www.wikidata.org/wiki/Q223230,http://viaf.org/viaf/7432425,1838,PL_BN_books,,,,,,,False
Wyrzykowski Stanisław,Wyrzykowski,Stanisław,1869-11-30T00:00:00Z,1949-02-16T00:00:00Z,https://www.wikidata.org/wiki/Q49757,https://www.wikidata.org/wiki/Q4094764,https://www.wikidata.org/wiki/Q31487,https://www.wikidata.org/wiki/Q8441,https://www.wikidata.org/wiki/Q9343391,http://viaf.org/viaf/63672674,1839,PL_BN_books,,,,,,,False
Jastrun Tomasz,Jastrun,Tomasz,1950-09-15T00:00:00Z,,https://www.wikidata.org/wiki/Q49757,https://www.wikidata.org/wiki/Q270,,https://www.wikidata.org/wiki/Q8441,https://www.wikidata.org/wiki/Q9359366,http://viaf.org/viaf/22158921,184,PL_BezCenzury_articles;CZ_books;CZ_articles;PL_BN_books,Te Jot,,,,,,False
Galicka Anna,Galicka,Anna,,,,,,,,http://viaf.org/viaf/311120795,1840,PL_BN_books,,,,,,,False
Rokita Jan Maria,Rokita,Jan Maria,1959-06-18T00:00:00Z,,https://www.wikidata.org/wiki/Q7886765|https://www.wikidata.org/wiki/Q82955|https://www.wikidata.org/wiki/Q380075|https://www.wikidata.org/wiki/Q6051619,https://www.wikidata.org/wiki/Q31487,,https://www.wikidata.org/wiki/Q8441,https://www.wikidata.org/wiki/Q656205,http://viaf.org/viaf/84184283,1841,PL_BN_books,,,,,,,False
Szulakowski Janusz,Szulakowski,Janusz,,,,,,,,http://viaf.org/viaf/303251796,1842,PL_BN_books,,,,,,,False
Niezbrzycki Jerzy,Niezbrzycki,Jerzy,1902-07-28T00:00:00Z,1968-01-30T00:00:00Z,https://www.wikidata.org/wiki/Q47796473|https://www.wikidata.org/wiki/Q4002659|https://www.wikidata.org/wiki/Q1238570,https://www.wikidata.org/wiki/Q157144,https://www.wikidata.org/wiki/Q1012089,https://www.wikidata.org/wiki/Q8441,https://www.wikidata.org/wiki/Q6185449,http://viaf.org/viaf/89536693,1843,PL_BN_books,Andreus Bernard,,,,,,False
"Chojecki, Mirosław",Chojecki,Mirosław,1949-09-01T00:00:00Z,,https://www.wikidata.org/wiki/Q2085381|https://www.wikidata.org/wiki/Q3282637,https://www.wikidata.org/wiki/Q270,,https://www.wikidata.org/wiki/Q8441,https://www.wikidata.org/wiki/Q6874331,http://viaf.org/viaf/161639609,1844,CZ_articles;PL_BN_books,,,,,,,False
Celt Marek,Celt,Marek,1916-10-17T00:00:00Z,2001-04-10T00:00:00Z,https://www.wikidata.org/wiki/Q1930187|https://www.wikidata.org/wiki/Q4002659,https://www.wikidata.org/wiki/Q158821,https://www.wikidata.org/wiki/Q1726,https://www.wikidata.org/wiki/Q8441,https://www.wikidata.org/wiki/Q7674464,http://viaf.org/viaf/39368725,1845,PL_BN_books,,,,['Chciuk Tadeusz'],,,False
Syryjczyk Tadeusz,Syryjczyk,Tadeusz,1948-02-09T00:00:00Z,,https://www.wikidata.org/wiki/Q82594|https://www.wikidata.org/wiki/Q82955,https://www.wikidata.org/wiki/Q31487,,https://www.wikidata.org/wiki/Q8441,https://www.wikidata.org/wiki/Q9354892,http://viaf.org/viaf/57872878,1846,PL_BN_books,T. S.,,,,,,False
Cohn Ludwik,Cohn,Ludwik,1902-06-23T00:00:00Z,1981-12-14T00:00:00Z,https://www.wikidata.org/wiki/Q11499147|https://www.wikidata.org/wiki/Q380075,https://www.wikidata.org/wiki/Q270,,https://www.wikidata.org/wiki/Q8441,https://www.wikidata.org/wiki/Q11763709,http://viaf.org/viaf/32412713,1849,PL_BN_books,,,,,,,False
Bartmiński Jerzy,Bartmiński,Jerzy,1939-09-19T00:00:00Z,,https://www.wikidata.org/wiki/Q12347522|https://www.wikidata.org/wiki/Q4773904|https://www.wikidata.org/wiki/Q14467526,https://www.wikidata.org/wiki/Q208473,,https://www.wikidata.org/wiki/Q8441,https://www.wikidata.org/wiki/Q6185354,http://viaf.org/viaf/101746895,1853,PL_BN_books,Świdnicki Andrzej,,,,,,False
Jakubczak Krzysztof,Jakubczak,Krzysztof,,,,,,,,http://viaf.org/viaf/28743794,1854,PL_BezCenzury_books;PL_BN_books,,,,,,,False
Nowakowski Bogdan,Nowakowski,Bogdan,1887-05-17T00:00:00Z,1945-10-07T00:00:00Z,https://www.wikidata.org/wiki/Q11569986,https://www.wikidata.org/wiki/Q270,https://www.wikidata.org/wiki/Q31487,https://www.wikidata.org/wiki/Q8441,https://www.wikidata.org/wiki/Q11688405,http://viaf.org/viaf/101978376,1855,PL_BN_books,,,,,,,False
~5Cernovil Vja~5ceslav Maksimovi~5c,~5Cernovil,Vja~5ceslav Maksimovi~5c,1937-12-24T00:00:00Z,1999-03-25T00:00:00Z,https://www.wikidata.org/wiki/Q82955|https://www.wikidata.org/wiki/Q1476215|https://www.wikidata.org/wiki/Q1930187,https://www.wikidata.org/wiki/Q2022712,https://www.wikidata.org/wiki/Q158910,https://www.wikidata.org/wiki/Q8441,https://www.wikidata.org/wiki/Q2084848,http://viaf.org/viaf/1011151778251018130009,1858,PL_BN_books,,,,,Czornowił W.|Czornowił Wiaczesław,,False
Jeleńska Teresa,Jeleńska,Teresa,,,,,,,,http://viaf.org/viaf/195153546,1859,PL_BN_books,,,,,,,False
Lebenstein Jan,Lebenstein,Jan,1930-01-05T00:00:00Z,1999-05-28T00:00:00Z,https://www.wikidata.org/wiki/Q627325|https://www.wikidata.org/wiki/Q15296811|https://www.wikidata.org/wiki/Q1028181,https://www.wikidata.org/wiki/Q140147,https://www.wikidata.org/wiki/Q31487,https://www.wikidata.org/wiki/Q8441,https://www.wikidata.org/wiki/Q321504,http://viaf.org/viaf/117162384,1860,PL_BN_books,,,,,,,False
~5Cernovil Vja~5ceslav Maksimovi~5c,~5Cernovil,Vja~5ceslav Maksimovi~5c,,,,,,,,http://viaf.org/viaf/18529981,1861,PL_BN_books,,,,,Czornowił W.|Czornowił Wiaczesław,,False
Allways H. Lewis,Allways,H. Lewis,,,,,,,,http://viaf.org/viaf/848156317450902350006,1862,PL_BN_books,,,,,,,False
Kuzaj Leszek,Kuzaj,Leszek,,,,,,,,http://viaf.org/viaf/101973364,1864,PL_BN_books,,,,,,,False
Jandziszak Tadeusz,Jandziszak,Tadeusz,1942-09-18T00:00:00Z,2000-08-29T00:00:00Z,,,,https://www.wikidata.org/wiki/Q8441,https://www.wikidata.org/wiki/Q9354342,http://viaf.org/viaf/308734981,1865,PL_BN_books,,,,,,,False
Mackiewicz Kamil,Mackiewicz,Kamil,1886-06-17T00:00:00Z,1931-12-11T00:00:00Z,https://www.wikidata.org/wiki/Q15296811,https://www.wikidata.org/wiki/Q2026687,https://www.wikidata.org/wiki/Q270,https://www.wikidata.org/wiki/Q8441,https://www.wikidata.org/wiki/Q11734521,http://viaf.org/viaf/69351812,1866,PL_BN_books,,,,,,,False
Treszka Adam,Treszka,Adam,,,,,,,,http://viaf.org/viaf/301441328,1867,PL_BN_books,,,,,,,False
Korczyn Jozef,Korczyn,Jozef,,,,,,,,http://viaf.org/viaf/303339321,1868,PL_BN_books,,,,,,,False
Ciołek Erazm,Ciołek,Erazm,1937-06-24T00:00:00Z,2012-11-13T00:00:00Z,https://www.wikidata.org/wiki/Q7886765|https://www.wikidata.org/wiki/Q957729|https://www.wikidata.org/wiki/Q33231,https://www.wikidata.org/wiki/Q580,https://www.wikidata.org/wiki/Q270,https://www.wikidata.org/wiki/Q8441,https://www.wikidata.org/wiki/Q168758,http://viaf.org/viaf/101840419,1869,PL_BN_books,,,,,,,False
Zychowicz Juliusz,Zychowicz,Juliusz,1924-02-04T00:00:00Z,2014-03-24T00:00:00Z,https://www.wikidata.org/wiki/Q333634,,,https://www.wikidata.org/wiki/Q8441,https://www.wikidata.org/wiki/Q16323930,http://viaf.org/viaf/84578804,1870,PL_BezCenzury_books;PL_BN_books,,,,,,,False
Niesiołowski Andrzej,Niesiołowski,Andrzej,1899-06-05T00:00:00Z,1945-02-09T00:00:00Z,https://www.wikidata.org/wiki/Q201788|https://www.wikidata.org/wiki/Q2306091,https://www.wikidata.org/wiki/Q52895,https://www.wikidata.org/wiki/Q824556,https://www.wikidata.org/wiki/Q8441,https://www.wikidata.org/wiki/Q9153032,http://viaf.org/viaf/101636023,1871,PL_BN_books,,,,,,,False
Prawicki Mateusz,Prawicki,Mateusz,,,,,,,,http://viaf.org/viaf/303295918,1873,PL_BN_books,,,,,,,False
Stachowski Jan,Stachowski,Jan,1951-01-01T00:00:00Z,2020-12-24T00:00:00Z,https://www.wikidata.org/wiki/Q1622272|https://www.wikidata.org/wiki/Q71049101|https://www.wikidata.org/wiki/Q333634,https://www.wikidata.org/wiki/Q393,https://www.wikidata.org/wiki/Q588,https://www.wikidata.org/wiki/Q8441,https://www.wikidata.org/wiki/Q104535043,http://viaf.org/viaf/255001900,1874,PL_BezCenzury_books;PL_BezCenzury_articles;PL_BN_books,,,,,,,False
Černý Vàclav,Černý,Vàclav,1905-03-26T00:00:00Z,1987-01-27T00:00:00Z❦1987-07-02T00:00:00Z,https://www.wikidata.org/wiki/Q4263842|https://www.wikidata.org/wiki/Q1231865|https://www.wikidata.org/wiki/Q2251335|https://www.wikidata.org/wiki/Q4964182|https://www.wikidata.org/wiki/Q36180|https://www.wikidata.org/wiki/Q71049101|https://www.wikidata.org/wiki/Q13570226|https://www.wikidata.org/wiki/Q333634,https://www.wikidata.org/wiki/Q12024978,https://www.wikidata.org/wiki/Q1085,https://www.wikidata.org/wiki/Q8441,https://www.wikidata.org/wiki/Q326624,http://viaf.org/viaf/17220404,1875,PL_BN_books,,,,,,,False
Sakowski Juliusz,Sakowski,Juliusz,1905-05-22T00:00:00Z,1977-05-11T00:00:00Z,https://www.wikidata.org/wiki/Q4263842,https://www.wikidata.org/wiki/Q270,,https://www.wikidata.org/wiki/Q8441,https://www.wikidata.org/wiki/Q11729349,http://viaf.org/viaf/73847543,1876,PL_BN_books,,,,,,,False
Szomański Władysław,Szomański,Władysław,,,,,,,,http://viaf.org/viaf/161461580,1877,PL_BN_books,,,,,,,False
Pietkiewicz Maria,Pietkiewicz,Maria,,,,,,,,http://viaf.org/viaf/163820023,1881,PL_BN_books,,,,,,,False
Orłowicz Cezary,Orłowicz,Cezary,,,,,,,,http://viaf.org/viaf/301823886,1882,PL_BN_books,,,,,,,False
Cękalski Roman,Cękalski,Roman,1951-04-17T00:00:00Z,,https://www.wikidata.org/wiki/Q82955|https://www.wikidata.org/wiki/Q201788|https://www.wikidata.org/wiki/Q2306091,https://www.wikidata.org/wiki/Q270,,https://www.wikidata.org/wiki/Q8441,https://www.wikidata.org/wiki/Q7156231,,1883,PL_BN_books,Roman Cękalski,,,['Śpiewak Paweł'],,,False
Zakrzewski Lech,Zakrzewski,Lech,,,,,,,,http://viaf.org/viaf/301020788,1884,PL_BN_books,,,,,,,False
Bogusławski Antoni,Bogusławski,Antoni,1889-11-28T00:00:00Z,1956-08-31T00:00:00Z,https://www.wikidata.org/wiki/Q49757|https://www.wikidata.org/wiki/Q4002659,https://www.wikidata.org/wiki/Q270,https://www.wikidata.org/wiki/Q84,https://www.wikidata.org/wiki/Q8441,https://www.wikidata.org/wiki/Q9156515,http://viaf.org/viaf/61927193,1886,PL_BN_books,,,,,,,False
Bohdanowicz Janusz,Bohdanowicz,Janusz,1922-06-24T00:00:00Z,2013-07-05T00:00:00Z,,https://www.wikidata.org/wiki/Q216,https://www.wikidata.org/wiki/Q270,https://www.wikidata.org/wiki/Q8441,https://www.wikidata.org/wiki/Q39039385,http://viaf.org/viaf/102017100,1887,PL_BN_books,Alesionek Hipolit,,,,Czortek,,False
Alesionek Hipolit,Alesionek,Hipolit,,,,,,,,http://viaf.org/viaf/302873958,1888,PL_BN_books,,,,,Andź,,False
Lityński Jan,Lityński,Jan,1946-01-18T00:00:00Z,2021-02-21T00:00:00Z,https://www.wikidata.org/wiki/Q82955,https://www.wikidata.org/wiki/Q270,https://www.wikidata.org/wiki/Q62937,https://www.wikidata.org/wiki/Q8441,https://www.wikidata.org/wiki/Q11718273,http://viaf.org/viaf/34874398,1889,CZ_articles;PL_BN_books,,,,,,,False
Kowalczyk Ireneusz,Kowalczyk,Ireneusz,,,,,,,,http://viaf.org/viaf/300767874,1890,PL_BN_books,,,,,,,False
Sykuła Antoni Zdzisław,Sykuła,Antoni Zdzisław,,,,,,,,http://viaf.org/viaf/301040425,1891,PL_BN_books,,,,,,,False
Okoniewski Stanisław Wojciech,Okoniewski,Stanisław Wojciech,1870-04-21T00:00:00Z,1944-05-01T00:00:00Z,https://www.wikidata.org/wiki/Q250867,https://www.wikidata.org/wiki/Q7229501,https://www.wikidata.org/wiki/Q597,https://www.wikidata.org/wiki/Q8441,https://www.wikidata.org/wiki/Q11836215,http://viaf.org/viaf/101873957,1892,PL_BN_books,,,,,,,False
Chajewski Adam,Chajewski Adam,,,,,,,,,http://viaf.org/viaf/301937561,1893,PL_BN_books,Anty-Frelek;Anty-Kowalski,,,,,,False
Kuczborska Blanka,Kuczborska,Blanka,,,,,,,,http://viaf.org/viaf/21807543,1895,PL_BN_books,,,,,,,False
Chaliand Gérard,Chaliand,Gérard,1934-02-15T00:00:00Z,,https://www.wikidata.org/wiki/Q1731155|https://www.wikidata.org/wiki/Q6051619|https://www.wikidata.org/wiki/Q1238570,https://www.wikidata.org/wiki/Q192859,,https://www.wikidata.org/wiki/Q8441,https://www.wikidata.org/wiki/Q3123838,http://viaf.org/viaf/25754946,1896,PL_BN_books,,,,,,,False
Sławińska Krystyna,Sławińska,Krystyna,,,,,,,,http://viaf.org/viaf/102251327,1897,PL_BN_books,,,,,,,False
Ulina Adam,Ulina,Adam,,,,,,,,http://viaf.org/viaf/301610311,1898,PL_BN_books,,,,,,,False
Jasudowicz Tadeusz,Jasudowicz,Tadeusz,1944-08-02T00:00:00Z,,https://www.wikidata.org/wiki/Q1622272|https://www.wikidata.org/wiki/Q185351,https://www.wikidata.org/wiki/Q5765943,,https://www.wikidata.org/wiki/Q8441,https://www.wikidata.org/wiki/Q9354353,http://viaf.org/viaf/100852909,190,PL_BN_books,,,,,,,False
Charaszkiewicz Edmund,Charaszkiewicz,Edmund,,,,,,,,http://viaf.org/viaf/26096312,1900,PL_BN_books,,,,,,,False
Grzywacz Zbylut,Grzywacz,Zbylut,1939-06-04T00:00:00Z,2004-07-16T00:00:00Z,https://www.wikidata.org/wiki/Q1281618|https://www.wikidata.org/wiki/Q1028181|https://www.wikidata.org/wiki/Q627325|https://www.wikidata.org/wiki/Q1622272|https://www.wikidata.org/wiki/Q6051619,https://www.wikidata.org/wiki/Q31487,,https://www.wikidata.org/wiki/Q8441,https://www.wikidata.org/wiki/Q8067864,http://viaf.org/viaf/76590252,1901,PL_BN_books,,,,,,,False
Krasowski Wojciech,Krasowski,Wojciech,,,,,,,,http://viaf.org/viaf/165885249,1902,PL_BN_books,,,,,,,False
Jakubczak Sławomir,Jakubczak,Sławomir,,,,,,,,http://viaf.org/viaf/102273733,1903,PL_BN_books,,,,,,,False
Tomaszewski Norbert,Tomaszewski,Norbert,,,,,,,,http://viaf.org/viaf/102250972,1904,PL_BN_books,,,,,,,False
Charlton Michael,Charlton,Michael,,,,,,,,http://viaf.org/viaf/117159234144403370941,1905,PL_BN_books,,,,,,,False
Trojkowiczowa Barbara,Trojkowiczowa,Barbara,,,,,,,,http://viaf.org/viaf/301203283,1906,PL_BN_books,,,,,,,False
Szaniawski Klemens,Szaniawski,Klemens,1925-03-03T00:00:00Z,1990-03-05T00:00:00Z,https://www.wikidata.org/wiki/Q4964182,https://www.wikidata.org/wiki/Q270,https://www.wikidata.org/wiki/Q270,https://www.wikidata.org/wiki/Q8441,https://www.wikidata.org/wiki/Q11739989,http://viaf.org/viaf/24616866,1907,PL_BN_books,,,,,,,False
Korczyc Tadeusz,Korczyc,Tadeusz,,,,,,,,http://viaf.org/viaf/4260159248635504870003,1908,PL_BN_books,,,,,,,False
Chciuk Andrzej,Chciuk,Andrzej,1920-01-13T00:00:00Z,1978-05-15T00:00:00Z,https://www.wikidata.org/wiki/Q1930187|https://www.wikidata.org/wiki/Q36180,https://www.wikidata.org/wiki/Q158821,https://www.wikidata.org/wiki/Q3141,https://www.wikidata.org/wiki/Q8441,https://www.wikidata.org/wiki/Q4502648,http://viaf.org/viaf/44418208,1909,PL_BN_books,,,,,,,False
Jaśkowski Jerzy,Jaśkowski,Jerzy,,,https://www.wikidata.org/wiki/Q39631|https://www.wikidata.org/wiki/Q15980158,,,https://www.wikidata.org/wiki/Q8441,https://www.wikidata.org/wiki/Q89587883,http://viaf.org/viaf/256437460,191,PL_BN_books,,,,,,,False
Salomonowicz Witold,Salomonowicz,Witold,,,,,,,,http://viaf.org/viaf/300545610,1910,PL_BN_books,,,,,,['rd'],False
Wirska Maria,Wirska,Maria,,,,,,,,http://viaf.org/viaf/101898873,1912,PL_BN_books,,,,,,,False
Bell Daniel,Bell,Daniel,1919-05-10T00:00:00Z,2011-01-25T00:00:00Z,https://www.wikidata.org/wiki/Q82594|https://www.wikidata.org/wiki/Q1930187|https://www.wikidata.org/wiki/Q2251335|https://www.wikidata.org/wiki/Q36180|https://www.wikidata.org/wiki/Q2306091|https://www.wikidata.org/wiki/Q1622272|https://www.wikidata.org/wiki/Q6051619,https://www.wikidata.org/wiki/Q1511813,https://www.wikidata.org/wiki/Q49111,https://www.wikidata.org/wiki/Q8441,https://www.wikidata.org/wiki/Q316330,http://viaf.org/viaf/108273432,1913,PL_BN_books,,,,,,,False
Gieysztor Aleksander,Gieysztor,Aleksander,1916-07-17T00:00:00Z,1999-02-09T00:00:00Z,https://www.wikidata.org/wiki/Q3332711|https://www.wikidata.org/wiki/Q1622272|https://www.wikidata.org/wiki/Q201788,https://www.wikidata.org/wiki/Q649,https://www.wikidata.org/wiki/Q270,https://www.wikidata.org/wiki/Q8441,https://www.wikidata.org/wiki/Q2832516,http://viaf.org/viaf/97102108,1915,PL_BN_books,,,,,,,False
Matyja Stanisław,Matyja,Stanisław,1928-04-09T00:00:00Z,1985-12-20T00:00:00Z,https://www.wikidata.org/wiki/Q1294787,https://www.wikidata.org/wiki/Q52902,https://www.wikidata.org/wiki/Q268,https://www.wikidata.org/wiki/Q8441,https://www.wikidata.org/wiki/Q9342539,http://viaf.org/viaf/166505369,1916,PL_BN_books,,,,,,,False
Marianowicz Piotr,Marianowicz,Piotr,,,,,,,,http://viaf.org/viaf/163643313,1917,PL_BN_books,,,,,,,False
Chełmiński Bolesław,Chełmiński,Bolesław,,,,,,,,http://viaf.org/viaf/167353917,1919,PL_BN_books,,,,,,,False
Jawor Maciej,Jawor,Maciej,,,,,,,,http://viaf.org/viaf/301925494,192,PL_BN_books,,,,,,,False
Juszczyński Michał Jan,Juszczyński,Michał Jan,,,,,,,,http://viaf.org/viaf/163589058,1920,PL_BN_books,,,,,,,False
Vigdorova Frida Abramovna,Vigdorova,Frida Abramovna,1915-03-16T00:00:00Z,1965-08-07T00:00:00Z,https://www.wikidata.org/wiki/Q1930187|https://www.wikidata.org/wiki/Q36180,https://www.wikidata.org/wiki/Q208609,https://www.wikidata.org/wiki/Q649,https://www.wikidata.org/wiki/Q467,https://www.wikidata.org/wiki/Q4110536,http://viaf.org/viaf/76553777,1921,PL_BN_books,,,,,Wigdorowa Frida,,False
Gondowicz Jan,Gondowicz,Jan,1957-06-04T00:00:00Z,,https://www.wikidata.org/wiki/Q4263842,https://www.wikidata.org/wiki/Q270,,https://www.wikidata.org/wiki/Q8441,https://www.wikidata.org/wiki/Q11717562,http://viaf.org/viaf/101826334,1922,PL_BezCenzury_articles;PL_BN_books,,,,,,,False
Chyży Andrzej,Chyży,Andrzej,,,,,,,,http://viaf.org/viaf/165979523,1924,PL_BN_books,,,,,,,False
Kunicki- Goldfinger Władysław,Kunicki- Goldfinger,Władysław,1916-02-13T00:00:00Z,1995-08-14T00:00:00Z,https://www.wikidata.org/wiki/Q1622272|https://www.wikidata.org/wiki/Q3779582,https://www.wikidata.org/wiki/Q31487,https://www.wikidata.org/wiki/Q270,https://www.wikidata.org/wiki/Q8441,https://www.wikidata.org/wiki/Q9382024,http://viaf.org/viaf/73416489,1925,PL_BN_books,,,,,,,False
Horak Stefania,Horak,Stefania,,,,,,,,http://viaf.org/viaf/95465751,1927,PL_BN_books,,,,,Horak Fulla,,False
Cherubin Dariusz,Cherubin,Dariusz,,,,,,,,http://viaf.org/viaf/74263066,1928,PL_BN_books,,,,,,,False
Piwarski Andrzej Jan,Piwarski,Andrzej Jan,1938-03-27T00:00:00Z,,https://www.wikidata.org/wiki/Q1028181,https://www.wikidata.org/wiki/Q270,,https://www.wikidata.org/wiki/Q8441,https://www.wikidata.org/wiki/Q9152286,http://viaf.org/viaf/262954427,1929,PL_BN_books,,,,,,,False
Jaworski Stanisław,Jaworski,Stanisław,,,,,,,,http://viaf.org/viaf/6764152684028123430002,193,PL_BN_books,,,,,,,False
Ciszewski Jacek,Ciszewski,Jacek,,,,,,,,http://viaf.org/viaf/165599466,1930,PL_BN_books,,,,,,,False
Chodakowski Jan,Chodakowski,Jan,,,,,,,,http://viaf.org/viaf/68927113,1933,PL_BN_books,,,,,,,False
Ozorowski Marcin,Ozorowski,Marcin,,,,,,,,http://viaf.org/viaf/102118862,1935,PL_BN_books,,,,,,,False
Chojnacki Roman,Chojnacki,Roman,1954-05-04T00:00:00Z,,https://www.wikidata.org/wiki/Q36180|https://www.wikidata.org/wiki/Q4263842,https://www.wikidata.org/wiki/Q52892,,https://www.wikidata.org/wiki/Q8441,https://www.wikidata.org/wiki/Q9312200,http://viaf.org/viaf/32137220,1936,PL_BN_books,,,,,,,False
Ofierski Bohdan,Ofierski,Bohdan,,,,,,,,http://viaf.org/viaf/301596404,1937,PL_BN_books,,,,,,,False
Glinka Apolinary,Glinka,Apolinary,,,,,,,,http://viaf.org/viaf/162169638,1938,PL_BN_books,,,,,,,False
Miecznikowski Stefan,Miecznikowski,Stefan,1921-08-25T00:00:00Z,2004-12-27T00:00:00Z,https://www.wikidata.org/wiki/Q250867,https://www.wikidata.org/wiki/Q270,,https://www.wikidata.org/wiki/Q8441,https://www.wikidata.org/wiki/Q9345198,http://viaf.org/viaf/167355222,1939,PL_BN_books,,,,,,,False
Chreptovič- Buteneva Ol'ga Aleksandrovna,Chreptovič- Buteneva,Ol'ga Aleksandrovna,1893-12-18T00:00:00Z❦1890-01-01T00:00:00Z,1987-04-17T00:00:00Z,https://www.wikidata.org/wiki/Q876864|https://www.wikidata.org/wiki/Q333634,,,https://www.wikidata.org/wiki/Q467,https://www.wikidata.org/wiki/Q18225399,http://viaf.org/viaf/103767568,1940,PL_BN_books,,,,,Chreptowicz-Butieniewa Olga Aleksandrowna,,False
Wolski Jacek,Wolski,Jacek,1948-09-19T00:00:00Z,,https://www.wikidata.org/wiki/Q82955|https://www.wikidata.org/wiki/Q193391|https://www.wikidata.org/wiki/Q1227195,https://www.wikidata.org/wiki/Q580,,https://www.wikidata.org/wiki/Q8441,https://www.wikidata.org/wiki/Q921839,http://viaf.org/viaf/16225905,1941,PL_BN_books,,,,,,,False
"Blumsztajn, Seweryn",Blumsztajn,Seweryn,1946-05-02T00:00:00Z,,https://www.wikidata.org/wiki/Q82955|https://www.wikidata.org/wiki/Q1930187,https://www.wikidata.org/wiki/Q1799,,https://www.wikidata.org/wiki/Q8441,https://www.wikidata.org/wiki/Q2275440,http://viaf.org/viaf/67672320,1942,CZ_articles;PL_BN_books,,,,,,,False
Sarnecki Feliks,Sarnecki,Feliks,,,,,,,,http://viaf.org/viaf/166355431,1944,PL_BN_books,,,,,,,False
Wirpsza Aleksander,Wirpsza,Aleksander,1946,,,,,,,http://viaf.org/viaf/84767101,1945,PL_BN_books,Spectator|Zawrat Krzysztof,,,,,,False
Tomasz,Tomasz,,,,,,,,,http://viaf.org/viaf/303311586,1946,PL_BN_books,,,,,,,False
Chruščev Nikita Sergeevič,Chruščev,Nikita Sergeevič,1894-04-15T00:00:00Z,1971-09-11T00:00:00Z,https://www.wikidata.org/wiki/Q82955|https://www.wikidata.org/wiki/Q47064|https://www.wikidata.org/wiki/Q372436,https://www.wikidata.org/wiki/Q957273,https://www.wikidata.org/wiki/Q649,https://www.wikidata.org/wiki/Q8441,https://www.wikidata.org/wiki/Q35314,http://viaf.org/viaf/64007537,1947,PL_BN_books,,,,,Chruszczow Nikita S.|Chruszczow N. S.|Chruszczow Nikita|Chruszczow Nikita Sergiejewicz,,False
Grubiński Wacław,Grubiński,Wacław,1883-01-25T00:00:00Z,1973-06-08T00:00:00Z,https://www.wikidata.org/wiki/Q1930187,https://www.wikidata.org/wiki/Q270,https://www.wikidata.org/wiki/Q84,https://www.wikidata.org/wiki/Q8441,https://www.wikidata.org/wiki/Q9369678,http://viaf.org/viaf/56652173,1948,PL_BN_books,,,,,,,False
Staniszkis Jerzy,Staniszkis,Jerzy,1914-11-23T00:00:00Z,2009-03-16T00:00:00Z,https://www.wikidata.org/wiki/Q42973|https://www.wikidata.org/wiki/Q4002659,https://www.wikidata.org/wiki/Q202160,https://www.wikidata.org/wiki/Q270,https://www.wikidata.org/wiki/Q8441,https://www.wikidata.org/wiki/Q11725433,http://viaf.org/viaf/164452341,1950,PL_BN_books,,,,,,,False
Linke Bronisław Wojciech,Linke,Bronisław Wojciech,1906-04-23T00:00:00Z❦1906-05-23T00:00:00Z,1962-10-06T00:00:00Z,https://www.wikidata.org/wiki/Q627325|https://www.wikidata.org/wiki/Q3658608|https://www.wikidata.org/wiki/Q1028181,https://www.wikidata.org/wiki/Q13972,https://www.wikidata.org/wiki/Q270,https://www.wikidata.org/wiki/Q8441,https://www.wikidata.org/wiki/Q7942847,http://viaf.org/viaf/13420345,1951,PL_BN_books,,,,,,,False
Alberti Irina,Alberti,Irina,1924-12-05T00:00:00Z,2000-04-04T00:00:00Z,,https://www.wikidata.org/wiki/Q3711,https://www.wikidata.org/wiki/Q569661,https://www.wikidata.org/wiki/Q467,https://www.wikidata.org/wiki/Q4199389,http://viaf.org/viaf/73854959,1953,PL_BN_books,,,,,Iłowajska-Alberti Irina,,False
Zagórska Wiesława,Zagórska,Wiesława,,,,,,,,http://viaf.org/viaf/101935122,1954,PL_BN_books,,,,,,,False
Mizeracka Anna,Mizeracka,Anna,,,,,,,,http://viaf.org/viaf/165039720,1955,PL_BN_books,,,,,,,False
Niemeńska Natalia,Niemeńska,Natalia,,,,,,,,http://viaf.org/viaf/162664771,1957,PL_BN_books,,,,,,,False
Niemeńska Natalia,Niemeńska,Natalia,,,,,,,,http://viaf.org/viaf/301489616,1958,PL_BN_books,,,,,,,False
Wodnik Stefan,Wodnik,Stefan,1892,1970,,,,,,http://viaf.org/viaf/102122909,1959,PL_BN_books,,,,,,,False
Turska Zofia,Turska,Zofia,,,,,,,,http://viaf.org/viaf/11244554,1961,PL_BN_books,,,,,,,False
Rudzińska Anna,Rudzińska,Anna,1919-10-27T00:00:00Z,1992-02-11T00:00:00Z,https://www.wikidata.org/wiki/Q2306091,https://www.wikidata.org/wiki/Q158004,,https://www.wikidata.org/wiki/Q467,https://www.wikidata.org/wiki/Q27016815,http://viaf.org/viaf/101697720,1962,PL_BN_books,,,,,,,False
Krajewski Janusz,Krajewski,Janusz,,,,,,,,http://viaf.org/viaf/19774930,1963,PL_BN_books,,,,,,,False
Miciak Jan,Miciak,Jan,,,,,,,,http://viaf.org/viaf/311120799,1964,PL_BN_books,,,,,,,False
Bossakówna Zofia,Bossakówna,Zofia,,,,,,,,http://viaf.org/viaf/303125034,1965,PL_BN_books,,,,,,,False
Wawrzyniak Zdzisław,Wawrzyniak,Zdzisław,1944-06-01T00:00:00Z,,https://www.wikidata.org/wiki/Q2599593,https://www.wikidata.org/wiki/Q9347627,,https://www.wikidata.org/wiki/Q8441,https://www.wikidata.org/wiki/Q17544618,http://viaf.org/viaf/18289427,1966,PL_BN_books,,,,,,,False
Krass Aleksander,Krass,Aleksander,,,,,,,,http://viaf.org/viaf/296109227,1967,PL_BN_books,,,,,,,False
Centnerszwerowa Róża,Centnerszwerowa,Róża,1867-01-01T00:00:00Z,1940-01-01T00:00:00Z,https://www.wikidata.org/wiki/Q333634,,https://www.wikidata.org/wiki/Q9395890,https://www.wikidata.org/wiki/Q467,https://www.wikidata.org/wiki/Q11835486,http://viaf.org/viaf/41014014,1968,PL_BN_books,,,,,,,False
Szwedowicz Andrzej,Szwedowicz,Andrzej,,,,,,,,http://viaf.org/viaf/300392453,1969,PL_BN_books,,,,,,,False
MKS,MKS,,,,,,,,,http://viaf.org/viaf/300732928,1971,PL_BN_books,,,,,,,False
Ilski Zdzisław,Ilski,Zdzisław,,,,,,,,http://viaf.org/viaf/163806345,1972,PL_BN_books,,,,,,,False
Zielonka Jan,Zielonka,Jan,1955-02-23T00:00:00Z❦1955-01-01T00:00:00Z,,https://www.wikidata.org/wiki/Q1238570,https://www.wikidata.org/wiki/Q839391,,https://www.wikidata.org/wiki/Q8441,https://www.wikidata.org/wiki/Q55628475,http://viaf.org/viaf/98326187,1973,PL_BN_books,,,,,,,False
Modzelewski Wojciech,Modzelewski,Wojciech,,,,,,,,http://viaf.org/viaf/68953625,1974,PL_BN_books,,,,,,,False
Gruszecki Marcin,Gruszecki,Marcin,,,,,,,,http://viaf.org/viaf/301553166,1975,PL_BN_books,,,,,,,False
Podhajecki Wojciech,Podhajecki,Wojciech,,,,,,,,http://viaf.org/viaf/301940968,1977,PL_BN_books,,,,,,,False
Fielding Robert,Fielding,Robert,,,,,,,,http://viaf.org/viaf/303647387,1978,PL_BN_books,,,,,,,False
Bartoszewski Władysław,Bartoszewski,Władysław,1922-02-19T00:00:00Z,2015-04-24T00:00:00Z,https://www.wikidata.org/wiki/Q1930187|https://www.wikidata.org/wiki/Q201788|https://www.wikidata.org/wiki/Q15980158|https://www.wikidata.org/wiki/Q36180|https://www.wikidata.org/wiki/Q1622272|https://www.wikidata.org/wiki/Q82955|https://www.wikidata.org/wiki/Q193391|https://www.wikidata.org/wiki/Q1650915,https://www.wikidata.org/wiki/Q270,https://www.wikidata.org/wiki/Q270,https://www.wikidata.org/wiki/Q8441,https://www.wikidata.org/wiki/Q381185,http://viaf.org/viaf/100171950,198,CZ_books;PL_BN_books,Kowalski Jan|Z.Z.Z.,,,,,,False
Grossu Sergiu,Grossu,Sergiu,1920-11-14T00:00:00Z,2009-07-25T00:00:00Z,https://www.wikidata.org/wiki/Q1930187|https://www.wikidata.org/wiki/Q36180,https://www.wikidata.org/wiki/Q2449728,https://www.wikidata.org/wiki/Q19660,https://www.wikidata.org/wiki/Q8441,https://www.wikidata.org/wiki/Q7454480,http://viaf.org/viaf/79026652,1980,PL_BN_books,Simion Cubolta,,,,,,False
Jeśmanowa Teresa,Jeśmanowa,Teresa,1939,,,,,,,http://viaf.org/viaf/90485125,1981,PL_BN_books,,,,,,,False
Chrzanowski Ignacy,Chrzanowski,Ignacy,1866-02-05T00:00:00Z,1940-01-19T00:00:00Z,https://www.wikidata.org/wiki/Q1622272|https://www.wikidata.org/wiki/Q13570226,https://www.wikidata.org/wiki/Q579325,https://www.wikidata.org/wiki/Q154498,https://www.wikidata.org/wiki/Q8441,https://www.wikidata.org/wiki/Q832936,http://viaf.org/viaf/59122291,1982,PL_BN_books,,,,,,,False
Kozarynowa Zofia,Kozarynowa,Zofia,1890-11-20T00:00:00Z,1992-04-17T00:00:00Z,https://www.wikidata.org/wiki/Q36180,https://www.wikidata.org/wiki/Q270,https://www.wikidata.org/wiki/Q23115,https://www.wikidata.org/wiki/Q467,https://www.wikidata.org/wiki/Q9391784,http://viaf.org/viaf/9933646,1983,PL_BN_books,,,,,,,False
Wolnik Wiesław,Wolnik,Wiesław,,,,,,,,http://viaf.org/viaf/303740674,1984,PL_BN_books,,,,,,,False
Kowalczuk Piotr,Kowalczuk,Piotr,,,,,,,,http://viaf.org/viaf/18145304758978611402,1985,PL_BN_books,,,,,,,False
Pomianowski Jerzy,Pomianowski,Jerzy,1919-05-26T00:00:00Z,1991-05-13T00:00:00Z,https://www.wikidata.org/wiki/Q1930187,https://www.wikidata.org/wiki/Q103217,,https://www.wikidata.org/wiki/Q8441,https://www.wikidata.org/wiki/Q11729359,http://viaf.org/viaf/54179733,1986,PL_BN_books,Kaniowski Michał,,,,,,False
Kozicki Stanisław,Kozicki,Stanisław,1876-04-04T00:00:00Z,1958-09-28T00:00:00Z,https://www.wikidata.org/wiki/Q82955,https://www.wikidata.org/wiki/Q82051,https://www.wikidata.org/wiki/Q403100,https://www.wikidata.org/wiki/Q8441,https://www.wikidata.org/wiki/Q9342335,http://viaf.org/viaf/72335955,1987,PL_BN_books,Stanisław Lubicz,,,,,,False
Lederer Elżbieta,Lederer,Elżbieta,1932-01-07T00:00:00Z,,https://www.wikidata.org/wiki/Q15253558|https://www.wikidata.org/wiki/Q13418253|https://www.wikidata.org/wiki/Q333634,https://www.wikidata.org/wiki/Q774098,https://www.wikidata.org/wiki/Q2749,https://www.wikidata.org/wiki/Q467,https://www.wikidata.org/wiki/Q30112857,http://viaf.org/viaf/7683149919449906650006,1989,PL_BezCenzury_books;PL_BezCenzury_articles;PL_BN_books,,,,,,,False
Dzierzbicki Antoni,Dzierzbicki,Antoni,1887-01-01T00:00:00Z,1959-06-15T00:00:00Z,https://www.wikidata.org/wiki/Q739437|https://www.wikidata.org/wiki/Q1028181|https://www.wikidata.org/wiki/Q2707485,https://www.wikidata.org/wiki/Q270,https://www.wikidata.org/wiki/Q270,https://www.wikidata.org/wiki/Q8441,https://www.wikidata.org/wiki/Q56627871,http://viaf.org/viaf/102121534,1990,PL_BN_books,,,,,,,False
Czeczot Andrzej,Czeczot,Andrzej,1933-10-27T00:00:00Z,2012-05-09T00:00:00Z❦2012-01-01T00:00:00Z,https://www.wikidata.org/wiki/Q2526255|https://www.wikidata.org/wiki/Q28389|https://www.wikidata.org/wiki/Q1028181,https://www.wikidata.org/wiki/Q31487,https://www.wikidata.org/wiki/Q270,https://www.wikidata.org/wiki/Q8441,https://www.wikidata.org/wiki/Q9151840,http://viaf.org/viaf/118550725,1991,PL_BN_books,,,,,,,False
Liehm Antonin J.,Liehm,Antonin J.,1924-03-02T00:00:00Z,2020-12-04T00:00:00Z,https://www.wikidata.org/wiki/Q1930187|https://www.wikidata.org/wiki/Q4263842|https://www.wikidata.org/wiki/Q2085381|https://www.wikidata.org/wiki/Q36180|https://www.wikidata.org/wiki/Q1622272|https://www.wikidata.org/wiki/Q333634|https://www.wikidata.org/wiki/Q4220892|https://www.wikidata.org/wiki/Q6051619,https://www.wikidata.org/wiki/Q1085,https://www.wikidata.org/wiki/Q1085,https://www.wikidata.org/wiki/Q8441,https://www.wikidata.org/wiki/Q608429,http://viaf.org/viaf/98008936,1993,PL_BezCenzury_articles;CZ_articles;PL_BN_books,Dalimil,,,,,,False
Teren Jan,Teren,Jan,,,,,,,,http://viaf.org/viaf/161626066,1994,PL_BN_books,,,,,,,False
Marek Andrzej,Marek,Andrzej,,,,,,,,http://viaf.org/viaf/41876779,1995,PL_BN_books,,,,,,,False
Tymieniecki Kazimierz,Tymieniecki,Kazimierz,1887-12-19T00:00:00Z,1968-10-13T00:00:00Z,https://www.wikidata.org/wiki/Q3332711,https://www.wikidata.org/wiki/Q102317,https://www.wikidata.org/wiki/Q268,https://www.wikidata.org/wiki/Q8441,https://www.wikidata.org/wiki/Q11738422,http://viaf.org/viaf/49689,1996,PL_BN_books,,,,,,,False
Konopczyński Władysław,Konopczyński,Władysław,1880-11-26T00:00:00Z,1952-07-12T00:00:00Z,https://www.wikidata.org/wiki/Q1622272|https://www.wikidata.org/wiki/Q82955|https://www.wikidata.org/wiki/Q201788,https://www.wikidata.org/wiki/Q270,https://www.wikidata.org/wiki/Q842133,https://www.wikidata.org/wiki/Q8441,https://www.wikidata.org/wiki/Q168896,http://viaf.org/viaf/76337920,1997,PL_BN_books,,,,,,,False
Iwaszkiewicz Janusz,Iwaszkiewicz,Janusz,1879-02-16T00:00:00Z,1944-08-06T00:00:00Z,https://www.wikidata.org/wiki/Q201788,https://www.wikidata.org/wiki/Q17494791,https://www.wikidata.org/wiki/Q270,https://www.wikidata.org/wiki/Q8441,https://www.wikidata.org/wiki/Q16453239,http://viaf.org/viaf/34829791,1998,PL_BN_books,,,,,,,False
Zabłocki Wiesław,Zabłocki,Wiesław,,,,,,,,http://viaf.org/viaf/101790522,1999,PL_BN_books,,,,,,,False
Adamska Grażyna,Adamska,Grażyna,,,,,,,,http://viaf.org/viaf/166963416,2,PL_BN_books,,,,,,,False
Galos Adam,Galos,Adam,1924-07-22T00:00:00Z,2013-04-11T00:00:00Z,https://www.wikidata.org/wiki/Q201788,https://www.wikidata.org/wiki/Q31487,https://www.wikidata.org/wiki/Q1799,https://www.wikidata.org/wiki/Q8441,https://www.wikidata.org/wiki/Q349462,http://viaf.org/viaf/7438868,20,PL_BN_books,,,,,,,False
Jeleński Konstanty Aleksander,Jeleński,Konstanty Aleksander Konstanty,1922-01-02T00:00:00Z,1987-05-04T00:00:00Z,https://www.wikidata.org/wiki/Q49757|https://www.wikidata.org/wiki/Q36180|https://www.wikidata.org/wiki/Q333634,https://www.wikidata.org/wiki/Q270,https://www.wikidata.org/wiki/Q90,https://www.wikidata.org/wiki/Q8441,https://www.wikidata.org/wiki/Q3198784,http://viaf.org/viaf/113419679,200,PL_BN_books,,,['Aleksander'],,,,False
Touraine Alain,Touraine,Alain,1925-08-03T00:00:00Z,,https://www.wikidata.org/wiki/Q1622272|https://www.wikidata.org/wiki/Q2306091,https://www.wikidata.org/wiki/Q862669,,https://www.wikidata.org/wiki/Q8441,https://www.wikidata.org/wiki/Q333686,http://viaf.org/viaf/108306947,2000,PL_BN_books,,,,,,,False
B,,,,,,,,,,http://viaf.org/viaf/101924865,200000,PL_BN_books,,,,,,,False
Anderman Janusz,Anderman,Janusz,1949-04-07T00:00:00Z,,https://www.wikidata.org/wiki/Q487596|https://www.wikidata.org/wiki/Q36180|https://www.wikidata.org/wiki/Q333634,https://www.wikidata.org/wiki/Q611784,,https://www.wikidata.org/wiki/Q8441,https://www.wikidata.org/wiki/Q11720041,http://viaf.org/viaf/93697938,200001,PL_BezCenzury_books;CZ_articles;PL_BezCenzury_articles;PL_BN_books,,,,,,,False
Bielecki Czesław,Bielecki,Czesław,1948-05-03T00:00:00Z,,https://www.wikidata.org/wiki/Q82955|https://www.wikidata.org/wiki/Q42973,https://www.wikidata.org/wiki/Q270,,https://www.wikidata.org/wiki/Q8441,https://www.wikidata.org/wiki/Q9199037,http://viaf.org/viaf/20784360,200002,PL_BN_books,"Poleski Maciej|Poleski, Maciej|Bielecki Czesław",,,,,,False
J,,,1949-02-03T00:00:00Z,,https://www.wikidata.org/wiki/Q4964182,https://www.wikidata.org/wiki/Q21,,https://www.wikidata.org/wiki/Q8441,https://www.wikidata.org/wiki/Q6242572,http://viaf.org/viaf/66493768,200003,PL_BN_books,,,,,,,False
Hayek Friedrich August von,Hayek von,Friedrich August,1899-05-08T00:00:00Z,,https://www.wikidata.org/wiki/Q201788|https://www.wikidata.org/wiki/Q4964182|https://www.wikidata.org/wiki/Q1238570|https://www.wikidata.org/wiki/Q1622272|https://www.wikidata.org/wiki/Q1227195,https://www.wikidata.org/wiki/Q1741,https://www.wikidata.org/wiki/Q2833,https://www.wikidata.org/wiki/Q8441,https://www.wikidata.org/wiki/Q1325,http://viaf.org/viaf/2471646,200004,PL_BN_books,,,,,,,False
"Kuligowska, Halina",,,,,,,,,,http://viaf.org/viaf/102178500,200005,PL_BezCenzury_articles,Śniegocka Kalina,,,,,,False
G,,,1948-00-00T00:00:00Z,,https://www.wikidata.org/wiki/Q15976341|https://www.wikidata.org/wiki/Q333634,https://www.wikidata.org/wiki/Q320007,,https://www.wikidata.org/wiki/Q467,https://www.wikidata.org/wiki/Q26973393,http://viaf.org/viaf/4278155,200006,PL_BezCenzury_articles,Rajski Adam,,,,,,False
Roux Dominique de,Roux de,Dominique,1935-09-17T00:00:00Z,1977,https://www.wikidata.org/wiki/Q2085381|https://www.wikidata.org/wiki/Q18939491,https://www.wikidata.org/wiki/Q172455,https://www.wikidata.org/wiki/Q193929,https://www.wikidata.org/wiki/Q8441,https://www.wikidata.org/wiki/Q3035564,http://viaf.org/viaf/2476563,200007,PL_BN_books,,,,,,,False
Vladimov Georgij Nikolaevič,Vladimov,Georgij Nikolaevič,1931-02-19T00:00:00Z,,https://www.wikidata.org/wiki/Q1930187|https://www.wikidata.org/wiki/Q201788|https://www.wikidata.org/wiki/Q4263842|https://www.wikidata.org/wiki/Q36180|https://www.wikidata.org/wiki/Q6625963,https://www.wikidata.org/wiki/Q42308,https://www.wikidata.org/wiki/Q1794,https://www.wikidata.org/wiki/Q8441,https://www.wikidata.org/wiki/Q2609052,http://viaf.org/viaf/112065286,200008,PL_BN_books,,,,['Volosevič Georgij Nikolaevič'],Władimow Georgij,,False
Vojnovič Vladimir,Vojnovič,Vladimir,1932-09-26T00:00:00Z,,https://www.wikidata.org/wiki/Q487596|https://www.wikidata.org/wiki/Q1028181|https://www.wikidata.org/wiki/Q49757|https://www.wikidata.org/wiki/Q36180|https://www.wikidata.org/wiki/Q18844224,https://www.wikidata.org/wiki/Q9365,https://www.wikidata.org/wiki/Q649,https://www.wikidata.org/wiki/Q8441,https://www.wikidata.org/wiki/Q454630,http://viaf.org/viaf/49232847,200009,PL_BN_books,,,,,Wojnowicz Włodzimierz|Wojnowicz Władimir,,False
Voskovec Jiři,,,1905-06-19T00:00:00Z,,https://www.wikidata.org/wiki/Q33999|https://www.wikidata.org/wiki/Q487596|https://www.wikidata.org/wiki/Q3455803|https://www.wikidata.org/wiki/Q33999|https://www.wikidata.org/wiki/Q33999|https://www.wikidata.org/wiki/Q49757|https://www.wikidata.org/wiki/Q2526255|https://www.wikidata.org/wiki/Q36180|https://www.wikidata.org/wiki/Q177220|https://www.wikidata.org/wiki/Q876864|https://www.wikidata.org/wiki/Q3391743|https://www.wikidata.org/wiki/Q333634|https://www.wikidata.org/wiki/Q245068,https://www.wikidata.org/wiki/Q1000475,,https://www.wikidata.org/wiki/Q8441,https://www.wikidata.org/wiki/Q960873,http://viaf.org/viaf/114467667,200010,PL_BezCenzury_articles,,,,,,,False
Werich Jan,,,1905-02-06T00:00:00Z,,https://www.wikidata.org/wiki/Q33999|https://www.wikidata.org/wiki/Q487596|https://www.wikidata.org/wiki/Q3455803|https://www.wikidata.org/wiki/Q33999|https://www.wikidata.org/wiki/Q33999|https://www.wikidata.org/wiki/Q36180|https://www.wikidata.org/wiki/Q177220|https://www.wikidata.org/wiki/Q33999|https://www.wikidata.org/wiki/Q28389|https://www.wikidata.org/wiki/Q333634|https://www.wikidata.org/wiki/Q1294626,https://www.wikidata.org/wiki/Q942842,https://www.wikidata.org/wiki/Q1085,https://www.wikidata.org/wiki/Q8441,https://www.wikidata.org/wiki/Q949091,http://viaf.org/viaf/56658458,200011,PL_BezCenzury_articles,,,,,,,False
"[Kluźniak, Ludwik]",,,,,,,,,,,200013,PL_BezCenzury_articles,,,,,,,False
"Abrahamowicz, Danuta|[Abrahamowicz, Danuta]",,,,,,,,,,,200015,PL_BezCenzury_articles,,,,,,,False
Andrzej (WSN),Andrzej (WSN),,,,,,,,,,200016,PL_BN_books,,,,,,,False
av,,,,,,,,,,,200017,PL_BezCenzury_articles,,,,,,,False
"Babuchowski, Andrzej",,,,,,,,,,http://viaf.org/viaf/78832614,200018,PL_BezCenzury_articles,,,,,,,False
"Baluch, Jacek",,,1940-03-17T00:00:00Z,2019-07-03T00:00:00Z,https://www.wikidata.org/wiki/Q71049101|https://www.wikidata.org/wiki/Q15976341|https://www.wikidata.org/wiki/Q193391|https://www.wikidata.org/wiki/Q13570226|https://www.wikidata.org/wiki/Q333634,https://www.wikidata.org/wiki/Q31487,https://www.wikidata.org/wiki/Q31487,https://www.wikidata.org/wiki/Q8441,https://www.wikidata.org/wiki/Q11715194,http://viaf.org/viaf/43186080,200019,PL_BezCenzury_books;PL_BezCenzury_articles,,,,,,,False
"Bani Şadr, Abu al-<U+1E24>assan",Bani Şadr,Abu al-<U+1E24>assan,1933-03-22T00:00:00Z,2021-10-09T00:00:00Z,https://www.wikidata.org/wiki/Q82955|https://www.wikidata.org/wiki/Q1930187|https://www.wikidata.org/wiki/Q1227195|https://www.wikidata.org/wiki/Q11774202,https://www.wikidata.org/wiki/Q28587,https://www.wikidata.org/wiki/Q90,https://www.wikidata.org/wiki/Q8441,https://www.wikidata.org/wiki/Q273866,http://viaf.org/viaf/47553206,200020,CZ_articles,,,,,,,False
"Benda, Václav",,,1946-08-08T00:00:00Z,1999-06-02T00:00:00Z,https://www.wikidata.org/wiki/Q5482740|https://www.wikidata.org/wiki/Q1231865|https://www.wikidata.org/wiki/Q2251335|https://www.wikidata.org/wiki/Q4964182|https://www.wikidata.org/wiki/Q82955|https://www.wikidata.org/wiki/Q170790,https://www.wikidata.org/wiki/Q1085,https://www.wikidata.org/wiki/Q1085,https://www.wikidata.org/wiki/Q8441,https://www.wikidata.org/wiki/Q2427640,http://viaf.org/viaf/35663312,200021,PL_BezCenzury_articles,,,,,,,False
Bielawski Piotr,Bielawski,Piotr,,,,,,,,,200022,PL_BN_books,,,,,,,False
"Bierhanzl, Ivan",,,1956-00-00T00:00:00Z,,https://www.wikidata.org/wiki/Q1294626,,,https://www.wikidata.org/wiki/Q8441,https://www.wikidata.org/wiki/Q96079672,http://viaf.org/viaf/85881038,200023,PL_BezCenzury_books,,,,,,,False
"Binar, Ivan",,,1942-06-15T00:00:00Z,,https://www.wikidata.org/wiki/Q1930187|https://www.wikidata.org/wiki/Q1231865|https://www.wikidata.org/wiki/Q876864|https://www.wikidata.org/wiki/Q36180|https://www.wikidata.org/wiki/Q333634,https://www.wikidata.org/wiki/Q894440,,https://www.wikidata.org/wiki/Q8441,https://www.wikidata.org/wiki/Q1675509,http://viaf.org/viaf/64564205,200024,PL_BezCenzury_articles,,,,,,,False
"Blatny, Ivan",,,1919-12-21T00:00:00Z,1990-08-05T00:00:00Z,https://www.wikidata.org/wiki/Q49757|https://www.wikidata.org/wiki/Q860918|https://www.wikidata.org/wiki/Q333634,https://www.wikidata.org/wiki/Q14960,https://www.wikidata.org/wiki/Q184163,https://www.wikidata.org/wiki/Q8441,https://www.wikidata.org/wiki/Q1675522,http://viaf.org/viaf/39410335,200026,PL_BezCenzury_articles,,,,,,,False
"Bobrowska, Lubomira",,,,,,,,,,,200027,PL_BezCenzury_articles,,,,,,,False
Boleslav,Boleslav,Boleslav,0967-00-00T00:00:00Z,1025-06-17T00:00:00Z,https://www.wikidata.org/wiki/Q82955,https://www.wikidata.org/wiki/Q268,https://www.wikidata.org/wiki/Q51432,https://www.wikidata.org/wiki/Q8441,https://www.wikidata.org/wiki/Q53436,http://viaf.org/viaf/296501157,200028,CZ_articles,,"['polský král,']","['I.,']",,"polský král,",,False
Boleslav,Boleslav,Boleslav,1041-02-01T00:00:00Z,1081-04-03T00:00:00Z,https://www.wikidata.org/wiki/Q1250916,https://www.wikidata.org/wiki/Q36,https://www.wikidata.org/wiki/Q661996,https://www.wikidata.org/wiki/Q8441,https://www.wikidata.org/wiki/Q53440,http://viaf.org/viaf/8909598,200029,CZ_books,,"['polský král,']","['II.,']",,"polský král,",,False
"Bondy, Egon",,,1930-01-20T00:00:00Z,2007-04-09T00:00:00Z,https://www.wikidata.org/wiki/Q4964182|https://www.wikidata.org/wiki/Q49757|https://www.wikidata.org/wiki/Q36180|https://www.wikidata.org/wiki/Q333634|https://www.wikidata.org/wiki/Q18844224,https://www.wikidata.org/wiki/Q1085,https://www.wikidata.org/wiki/Q1780,https://www.wikidata.org/wiki/Q8441,https://www.wikidata.org/wiki/Q543319,http://viaf.org/viaf/2539712,200030,PL_BezCenzury_articles,,,,,,,False
"Boreš, Jiři",,,,,,,,,,,200031,PL_BezCenzury_articles,,,,,,,False
"Bousoglou, Amber",,,,,,,,,,http://viaf.org/viaf/84130252,200032,PL_BezCenzury_articles,,,,,,,False
"Brikcius, Eugen",,,1942-08-30T00:00:00Z,,https://www.wikidata.org/wiki/Q10774753|https://www.wikidata.org/wiki/Q4964182|https://www.wikidata.org/wiki/Q49757|https://www.wikidata.org/wiki/Q36180|https://www.wikidata.org/wiki/Q333634|https://www.wikidata.org/wiki/Q11774202,https://www.wikidata.org/wiki/Q1085,,https://www.wikidata.org/wiki/Q8441,https://www.wikidata.org/wiki/Q11885040,http://viaf.org/viaf/34751496,200033,PL_BezCenzury_articles,,,,,,,False
Brogan Denis William,Brogan,Denis William,1900-08-11T00:00:00Z,1974-01-05T00:00:00Z,https://www.wikidata.org/wiki/Q201788|https://www.wikidata.org/wiki/Q36180,https://www.wikidata.org/wiki/Q4093,,https://www.wikidata.org/wiki/Q8441,https://www.wikidata.org/wiki/Q1187698,http://viaf.org/viaf/73971959,200034,PL_BN_books,,,,,,,False
"Burakówna, Marta",,,,,,,,,,,200035,PL_BezCenzury_articles,,,,,,,False
"Burian, Jan",,,1952-03-26T00:00:00Z,,https://www.wikidata.org/wiki/Q488205|https://www.wikidata.org/wiki/Q49757|https://www.wikidata.org/wiki/Q36180|https://www.wikidata.org/wiki/Q486748|https://www.wikidata.org/wiki/Q18844224|https://www.wikidata.org/wiki/Q33231,https://www.wikidata.org/wiki/Q1085,,https://www.wikidata.org/wiki/Q8441,https://www.wikidata.org/wiki/Q12022443,http://viaf.org/viaf/18892764,200036,PL_BezCenzury_articles,,,,,,,False
"Candole, James de",,,,,,,,,,http://viaf.org/viaf/29149066568165601542,200037,PL_BezCenzury_articles,,,,,,,False
"Capek, Karel",,,1890-01-09T00:00:00Z,1938-12-25T00:00:00Z,https://www.wikidata.org/wiki/Q487596|https://www.wikidata.org/wiki/Q1930187|https://www.wikidata.org/wiki/Q4853732|https://www.wikidata.org/wiki/Q3455803|https://www.wikidata.org/wiki/Q4964182|https://www.wikidata.org/wiki/Q36180|https://www.wikidata.org/wiki/Q333634|https://www.wikidata.org/wiki/Q6625963|https://www.wikidata.org/wiki/Q18844224|https://www.wikidata.org/wiki/Q33231,https://www.wikidata.org/wiki/Q1818270,https://www.wikidata.org/wiki/Q1085,https://www.wikidata.org/wiki/Q8441,https://www.wikidata.org/wiki/Q155855,http://viaf.org/viaf/34454129,200038,PL_BezCenzury_articles,K. Č.|B. Č.|Karel Vašek|Karel Plocek,,,,,,False
"Cervenka, Miroslav",,,1932-11-05T00:00:00Z,2005-11-20T00:00:00Z,https://www.wikidata.org/wiki/Q1231865|https://www.wikidata.org/wiki/Q49757|https://www.wikidata.org/wiki/Q36180|https://www.wikidata.org/wiki/Q15962340|https://www.wikidata.org/wiki/Q6430706|https://www.wikidata.org/wiki/Q333634,https://www.wikidata.org/wiki/Q1085,https://www.wikidata.org/wiki/Q1085,https://www.wikidata.org/wiki/Q8441,https://www.wikidata.org/wiki/Q1451054,http://viaf.org/viaf/68988907,200039,PL_BezCenzury_articles,Otakar Č. Mokrý,,,,,,False
"Cieślewicz, Roman",,,1930-01-13T00:00:00Z,1996-01-21T00:00:00Z,https://www.wikidata.org/wiki/Q5322166|https://www.wikidata.org/wiki/Q1028181|https://www.wikidata.org/wiki/Q627325|https://www.wikidata.org/wiki/Q1229025|https://www.wikidata.org/wiki/Q739437|https://www.wikidata.org/wiki/Q33231,https://www.wikidata.org/wiki/Q36036,https://www.wikidata.org/wiki/Q90,https://www.wikidata.org/wiki/Q8441,https://www.wikidata.org/wiki/Q476100,http://viaf.org/viaf/73851436,200040,PL_BezCenzury_books,,,,,,,False
"Czuchnowski, Wojciech",,,1964-11-04T00:00:00Z,,https://www.wikidata.org/wiki/Q1930187,https://www.wikidata.org/wiki/Q104407,,https://www.wikidata.org/wiki/Q8441,https://www.wikidata.org/wiki/Q9376425,http://viaf.org/viaf/446149844987302960002,200041,PL_BezCenzury_articles,,,,,,,False
D.R.,,,,,,,,,,,200042,PL_BezCenzury_articles,,,,,,,False
"Dębicki, Jan",,,,,,,,,,http://viaf.org/viaf/161842043,200043,PL_BezCenzury_articles,,,,,,,False
"Divis, Ivan",,,1924-09-18T00:00:00Z,1999-04-07T00:00:00Z,https://www.wikidata.org/wiki/Q1930187|https://www.wikidata.org/wiki/Q49757|https://www.wikidata.org/wiki/Q36180|https://www.wikidata.org/wiki/Q876864,https://www.wikidata.org/wiki/Q1085,https://www.wikidata.org/wiki/Q1085,https://www.wikidata.org/wiki/Q8441,https://www.wikidata.org/wiki/Q709766,http://viaf.org/viaf/44355999,200044,PL_BezCenzury_articles,,,,,,,False
"Duda, Roman",,,1935-02-27T00:00:00Z,,https://www.wikidata.org/wiki/Q82955|https://www.wikidata.org/wiki/Q170790,,,https://www.wikidata.org/wiki/Q8441,https://www.wikidata.org/wiki/Q9312250,http://viaf.org/viaf/40986802,200045,PL_BezCenzury_articles,,,,,,,False
"Effenberger, Vratislav",,,1923-04-22T00:00:00Z,1986-08-10T00:00:00Z,https://www.wikidata.org/wiki/Q49757|https://www.wikidata.org/wiki/Q36180|https://www.wikidata.org/wiki/Q4164507|https://www.wikidata.org/wiki/Q1792450,https://www.wikidata.org/wiki/Q430864,https://www.wikidata.org/wiki/Q1085,https://www.wikidata.org/wiki/Q8441,https://www.wikidata.org/wiki/Q324093,http://viaf.org/viaf/15186733,200046,PL_BezCenzury_articles,,,,,,,False
"Engelking, Leszek",,,1955-02-02T00:00:00Z,,https://www.wikidata.org/wiki/Q17167049|https://www.wikidata.org/wiki/Q4263842|https://www.wikidata.org/wiki/Q49757|https://www.wikidata.org/wiki/Q36180|https://www.wikidata.org/wiki/Q14467526|https://www.wikidata.org/wiki/Q12144794|https://www.wikidata.org/wiki/Q6430706|https://www.wikidata.org/wiki/Q333634,https://www.wikidata.org/wiki/Q102350,,https://www.wikidata.org/wiki/Q8441,https://www.wikidata.org/wiki/Q157959,http://viaf.org/viaf/10255573,200047,PL_BezCenzury_articles,,,,,,,False
"Fenrych, Włodzimierz",,,,,,,,,,http://viaf.org/viaf/60888710,200048,PL_BezCenzury_books;PL_BezCenzury_articles,,,,,,,False
"Fiałkowski, Tomasz?",,,1955-07-18T00:00:00Z,,https://www.wikidata.org/wiki/Q4263842,https://www.wikidata.org/wiki/Q31487,,https://www.wikidata.org/wiki/Q8441,https://www.wikidata.org/wiki/Q9359285,http://viaf.org/viaf/7663605,200049,PL_BezCenzury_articles,,,,,,,False
"Finkielkraut, Alain",,,1949-06-30T00:00:00Z,,,https://www.wikidata.org/wiki/Q90,,https://www.wikidata.org/wiki/Q8441,https://www.wikidata.org/wiki/Q380443,http://viaf.org/viaf/108994266,200050,PL_BezCenzury_articles,,,,,,,False
"Frýbert, Tomaš",,,1949-04-06T00:00:00Z,,https://www.wikidata.org/wiki/Q175151|https://www.wikidata.org/wiki/Q1028181|https://www.wikidata.org/wiki/Q49757|https://www.wikidata.org/wiki/Q36180|https://www.wikidata.org/wiki/Q12144794|https://www.wikidata.org/wiki/Q3391743,https://www.wikidata.org/wiki/Q1085,,https://www.wikidata.org/wiki/Q8441,https://www.wikidata.org/wiki/Q95138357,http://viaf.org/viaf/24350396,200051,PL_BezCenzury_articles,,,,,,,False
"Gaudemar, Antoine",,,1951-00-00T00:00:00Z,,https://www.wikidata.org/wiki/Q1930187|https://www.wikidata.org/wiki/Q2526255,,,https://www.wikidata.org/wiki/Q8441,https://www.wikidata.org/wiki/Q110157111,http://viaf.org/viaf/117149841983602841008,200052,PL_BezCenzury_articles,,,,,,,False
"Gluecksmann, Andre",,,1937-06-19T00:00:00Z,2015-11-09T00:00:00Z,https://www.wikidata.org/wiki/Q4964182|https://www.wikidata.org/wiki/Q36180|https://www.wikidata.org/wiki/Q1238570,https://www.wikidata.org/wiki/Q172455,https://www.wikidata.org/wiki/Q90,https://www.wikidata.org/wiki/Q8441,https://www.wikidata.org/wiki/Q362349,http://viaf.org/viaf/97851023,200053,PL_BezCenzury_articles,,,,,,,False
"Gładziuk, Nina",,,,,https://www.wikidata.org/wiki/Q4964182,,,https://www.wikidata.org/wiki/Q467,https://www.wikidata.org/wiki/Q48850929,http://viaf.org/viaf/166165652,200054,PL_BezCenzury_articles,,,,,,,False
"Graczyk, Ewa",,,1953-00-00T00:00:00Z,,https://www.wikidata.org/wiki/Q11774202,,,https://www.wikidata.org/wiki/Q467,https://www.wikidata.org/wiki/Q23482619,http://viaf.org/viaf/71507264,200055,PL_BezCenzury_articles,,,,,,,False
"Grulich, Jan",,,,,,,,,,,200056,PL_BezCenzury_articles,,,,,,,False
"Gruszka, Halina",,,,,,,,,,,200057,PL_BezCenzury_articles,,,,,,,False
"Hajek, Igor",,,1931-03-22T00:00:00Z,,https://www.wikidata.org/wiki/Q6051619|https://www.wikidata.org/wiki/Q333634,https://www.wikidata.org/wiki/Q8385,,https://www.wikidata.org/wiki/Q8441,https://www.wikidata.org/wiki/Q56706917,http://viaf.org/viaf/203927660,200058,PL_BezCenzury_articles,,,,,,,False
"Hartel, Ivan",,,1943-11-06T00:00:00Z,,,https://www.wikidata.org/wiki/Q1085,,https://www.wikidata.org/wiki/Q8441,https://www.wikidata.org/wiki/Q107504979,,200059,PL_BezCenzury_articles,,,,,,,False
"Hasek, Jaroslav",,,1883-04-30T00:00:00Z,,https://www.wikidata.org/wiki/Q1930187|https://www.wikidata.org/wiki/Q36180|https://www.wikidata.org/wiki/Q482980|https://www.wikidata.org/wiki/Q6625963|https://www.wikidata.org/wiki/Q9334029,https://www.wikidata.org/wiki/Q1085,https://www.wikidata.org/wiki/Q1025109,https://www.wikidata.org/wiki/Q8441,https://www.wikidata.org/wiki/Q2754,http://viaf.org/viaf/4931097,200060,PL_BezCenzury_articles,,,,,,,False
"Hejl, Vilem",,,1934-09-24T00:00:00Z,,https://www.wikidata.org/wiki/Q36180|https://www.wikidata.org/wiki/Q28389|https://www.wikidata.org/wiki/Q333634,https://www.wikidata.org/wiki/Q1085,,https://www.wikidata.org/wiki/Q8441,https://www.wikidata.org/wiki/Q18165469,http://viaf.org/viaf/7427398,200062,PL_BezCenzury_articles,,,,,,,False
"Holub, Miroslav",,,1923-09-13T00:00:00Z,,https://www.wikidata.org/wiki/Q864503|https://www.wikidata.org/wiki/Q49757|https://www.wikidata.org/wiki/Q36180|https://www.wikidata.org/wiki/Q12119633|https://www.wikidata.org/wiki/Q333634,https://www.wikidata.org/wiki/Q43453,https://www.wikidata.org/wiki/Q1085,https://www.wikidata.org/wiki/Q8441,https://www.wikidata.org/wiki/Q1395048,http://viaf.org/viaf/71459062,200063,PL_BezCenzury_articles,,,,,,,False
"Houba, Karel",,,1920-02-26T00:00:00Z,,https://www.wikidata.org/wiki/Q3391743|https://www.wikidata.org/wiki/Q36180|https://www.wikidata.org/wiki/Q333634,https://www.wikidata.org/wiki/Q1085,https://www.wikidata.org/wiki/Q1085,https://www.wikidata.org/wiki/Q8441,https://www.wikidata.org/wiki/Q12028257,http://viaf.org/viaf/15179219,200064,PL_BezCenzury_articles,,,,,,,False
"Hutka, Jaroslav",,,1947-04-21T00:00:00Z,,https://www.wikidata.org/wiki/Q488205|https://www.wikidata.org/wiki/Q49757|https://www.wikidata.org/wiki/Q36180|https://www.wikidata.org/wiki/Q855091|https://www.wikidata.org/wiki/Q753110|https://www.wikidata.org/wiki/Q3391743|https://www.wikidata.org/wiki/Q36834,https://www.wikidata.org/wiki/Q81137,,https://www.wikidata.org/wiki/Q8441,https://www.wikidata.org/wiki/Q3562318,http://viaf.org/viaf/97918543,200065,PL_BezCenzury_articles,,,,,,,False
i+p,i+p,i+p,,,,,,,,,200066,CZ_articles,,['[To (smz.)]'],,,[To (smz.)],,False
"Ionesco, Eugene",,,1909-11-26T00:00:00Z,,https://www.wikidata.org/wiki/Q487596|https://www.wikidata.org/wiki/Q4263842|https://www.wikidata.org/wiki/Q627325|https://www.wikidata.org/wiki/Q49757|https://www.wikidata.org/wiki/Q18939491|https://www.wikidata.org/wiki/Q36180|https://www.wikidata.org/wiki/Q644687,https://www.wikidata.org/wiki/Q207074,https://www.wikidata.org/wiki/Q90,https://www.wikidata.org/wiki/Q8441,https://www.wikidata.org/wiki/Q46706,http://viaf.org/viaf/17224288,200067,PL_BezCenzury_articles,,,,,,,False
Jan Pavel,Jan Pavel,Jan Pavel,1912-10-17T00:00:00Z,1978,https://www.wikidata.org/wiki/Q25393460|https://www.wikidata.org/wiki/Q1469535|https://www.wikidata.org/wiki/Q36180|https://www.wikidata.org/wiki/Q25393460,https://www.wikidata.org/wiki/Q40219,https://www.wikidata.org/wiki/Q237,https://www.wikidata.org/wiki/Q8441,https://www.wikidata.org/wiki/Q37278,http://viaf.org/viaf/100900297,200068,CZ_articles,,"['papež,']","['II.,', 'I.,']",,"papež,",,False
Jan Pavel,Jan Pavel,Jan Pavel,1881-11-25T00:00:00Z,1978,https://www.wikidata.org/wiki/Q1469535,https://www.wikidata.org/wiki/Q101616,https://www.wikidata.org/wiki/Q237,https://www.wikidata.org/wiki/Q8441,https://www.wikidata.org/wiki/Q23873,http://viaf.org/viaf/62340644,200069,CZ_articles,,"['papež,']","['II.,', 'I.,']",,"papež,",,False
"Jurewicz, Aleksander",,,1952-11-18T00:00:00Z,,https://www.wikidata.org/wiki/Q49757|https://www.wikidata.org/wiki/Q182436,https://www.wikidata.org/wiki/Q241475,,https://www.wikidata.org/wiki/Q8441,https://www.wikidata.org/wiki/Q9145534,http://viaf.org/viaf/9956044,200070,PL_BezCenzury_articles,,,,,,,False
"Kalemba-Kasprzak, Elżbieta",,,,,,,,,,http://viaf.org/viaf/76491087,200071,PL_BezCenzury_articles,,,,,,,False
Karo,,,,,,,,,,,200072,PL_BezCenzury_books,,,,,,,False
"Kasperek, Andrzej",,,1958-01-01T00:00:00Z,,https://www.wikidata.org/wiki/Q36180,https://www.wikidata.org/wiki/Q996881,,https://www.wikidata.org/wiki/Q8441,https://www.wikidata.org/wiki/Q28672546,http://viaf.org/viaf/162378866,200073,PL_BezCenzury_articles,,,,,,,False
"Kohák, Erazim",,,1933-05-21T00:00:00Z,,https://www.wikidata.org/wiki/Q1231865|https://www.wikidata.org/wiki/Q4964182|https://www.wikidata.org/wiki/Q36180|https://www.wikidata.org/wiki/Q1238570|https://www.wikidata.org/wiki/Q1622272|https://www.wikidata.org/wiki/Q6051619,https://www.wikidata.org/wiki/Q1085,https://www.wikidata.org/wiki/Q1085,https://www.wikidata.org/wiki/Q8441,https://www.wikidata.org/wiki/Q435283,http://viaf.org/viaf/100239090,200074,PL_BezCenzury_articles,,,,,,,False
"Kolacek, Josef",,,1929-09-01T00:00:00Z,,https://www.wikidata.org/wiki/Q1930187|https://www.wikidata.org/wiki/Q49757|https://www.wikidata.org/wiki/Q36180|https://www.wikidata.org/wiki/Q250867|https://www.wikidata.org/wiki/Q333634|https://www.wikidata.org/wiki/Q6051619,https://www.wikidata.org/wiki/Q3564800,https://www.wikidata.org/wiki/Q220,https://www.wikidata.org/wiki/Q8441,https://www.wikidata.org/wiki/Q12026239,http://viaf.org/viaf/3037193,200075,PL_BezCenzury_articles,,,,,,,False
KOS,,,,,,,,,,,200076,PL_BezCenzury_articles,,,,,,,False
"Kowalski, Stefan",,,,,,,,,,,200077,PL_BezCenzury_articles,,,,,,,False
"Kral, Petr",,,1941-09-04T00:00:00Z,,https://www.wikidata.org/wiki/Q487596|https://www.wikidata.org/wiki/Q49757|https://www.wikidata.org/wiki/Q36180|https://www.wikidata.org/wiki/Q333634|https://www.wikidata.org/wiki/Q6625963|https://www.wikidata.org/wiki/Q11774202,https://www.wikidata.org/wiki/Q1085,https://www.wikidata.org/wiki/Q1085,https://www.wikidata.org/wiki/Q8441,https://www.wikidata.org/wiki/Q2779300,http://viaf.org/viaf/19679709,200078,PL_BezCenzury_articles,,,,,,,False
"Krauze, Krystyna",,,,,https://www.wikidata.org/wiki/Q2526255,,,https://www.wikidata.org/wiki/Q467,https://www.wikidata.org/wiki/Q27042425,,200079,PL_BezCenzury_articles,,,,,,,False
"Książek, Zbigniew",,,1954-00-00T00:00:00Z,,https://www.wikidata.org/wiki/Q49757,,,https://www.wikidata.org/wiki/Q8441,https://www.wikidata.org/wiki/Q9388075,http://viaf.org/viaf/166966862,200080,PL_BezCenzury_articles,,,,,,,False
Kursell Otto von,Kursell von,Otto,1884-11-27T00:00:00Z,,https://www.wikidata.org/wiki/Q1622272|https://www.wikidata.org/wiki/Q82955|https://www.wikidata.org/wiki/Q5322166|https://www.wikidata.org/wiki/Q1028181,https://www.wikidata.org/wiki/Q656,https://www.wikidata.org/wiki/Q1726,https://www.wikidata.org/wiki/Q8441,https://www.wikidata.org/wiki/Q2041233,http://viaf.org/viaf/3226915,200081,PL_BN_books,,,,,,,False
L.L.,,,,,,,,,,,200082,PL_BezCenzury_articles,,,,,,,False
"Laurent, Maryla",,,1953-03-11T00:00:00Z,,https://www.wikidata.org/wiki/Q1650915|https://www.wikidata.org/wiki/Q20179720|https://www.wikidata.org/wiki/Q333634,,,https://www.wikidata.org/wiki/Q467,https://www.wikidata.org/wiki/Q70393661,http://viaf.org/viaf/36920704,200083,PL_BezCenzury_articles,,,,,,,False
Lazarowicz Romuald,Lazarowicz,Romuald,1953-08-11T00:00:00Z,,https://www.wikidata.org/wiki/Q1930187,https://www.wikidata.org/wiki/Q1799,,https://www.wikidata.org/wiki/Q8441,https://www.wikidata.org/wiki/Q9322549,http://viaf.org/viaf/161240161,200084,PL_BN_books,,,,,,,False
"Lejnar, Josef",,,,,,,,,,http://viaf.org/viaf/164574397,200085,PL_BezCenzury_articles,,,,,,,False
Leon XIII papież,Leon,,1810-03-02T00:00:00Z,,https://www.wikidata.org/wiki/Q1469535|https://www.wikidata.org/wiki/Q36180,https://www.wikidata.org/wiki/Q242000,https://www.wikidata.org/wiki/Q237,https://www.wikidata.org/wiki/Q8441,https://www.wikidata.org/wiki/Q43922,http://viaf.org/viaf/49228150,200086,PL_BN_books,,['papież'],['XIII'],,,['13'],False
Leski Krzysztof,Leski,Krzysztof,1959-01-09T00:00:00Z,,https://www.wikidata.org/wiki/Q1930187,https://www.wikidata.org/wiki/Q270,https://www.wikidata.org/wiki/Q270,https://www.wikidata.org/wiki/Q8441,https://www.wikidata.org/wiki/Q11749456,http://viaf.org/viaf/289428,200087,PL_BN_books,,,,,,,False
"Newman, John Henry",Newman,John Henry,0611-01-01T00:00:00Z,1890,https://www.wikidata.org/wiki/Q250867|https://www.wikidata.org/wiki/Q2259532|https://www.wikidata.org/wiki/Q36180,https://www.wikidata.org/wiki/Q1460,https://www.wikidata.org/wiki/Q220,https://www.wikidata.org/wiki/Q8441,https://www.wikidata.org/wiki/Q103328,http://viaf.org/viaf/10203519,200088,CZ_books,,,,,,,False
"Lutka, Petr",,,1952-06-28T00:00:00Z,,https://www.wikidata.org/wiki/Q488205|https://www.wikidata.org/wiki/Q855091|https://www.wikidata.org/wiki/Q177220,https://www.wikidata.org/wiki/Q638306,,https://www.wikidata.org/wiki/Q8441,https://www.wikidata.org/wiki/Q12044952,http://viaf.org/viaf/84913574,200089,PL_BezCenzury_articles,,,,,,,False
"Łukasiewicz, Małgorzata",,,1948-05-21T00:00:00Z,,https://www.wikidata.org/wiki/Q4263842,https://www.wikidata.org/wiki/Q270,,https://www.wikidata.org/wiki/Q467,https://www.wikidata.org/wiki/Q11772426,http://viaf.org/viaf/10507085,200090,PL_BezCenzury_articles,,,,,,,False
M.N.,,,,,,,,,,,200091,PL_BezCenzury_articles,,,,,,,False
"Maciejak, Jerzy",,,,,,,,,,,200092,PL_BezCenzury_articles,,,,,,,False
"Maciejewski, Maciej",,,1914-10-01T00:00:00Z,,https://www.wikidata.org/wiki/Q33999|https://www.wikidata.org/wiki/Q33999,https://www.wikidata.org/wiki/Q464763,https://www.wikidata.org/wiki/Q270,https://www.wikidata.org/wiki/Q8441,https://www.wikidata.org/wiki/Q11765483,http://viaf.org/viaf/164527152,200093,PL_BezCenzury_books,,,,,,,False
"Majcherek, Wojciech",,,,,,,,,,http://viaf.org/viaf/27303965,200094,PL_BezCenzury_articles,,,,,,,False
"Majewska, Barbara",,,,,,,,,,,200095,PL_BezCenzury_articles,,,,,,,False
"Marek, Urszula",,,,,,,,,,,200096,PL_BezCenzury_articles,,,,,,,False
"Matywiecki, Piotr",,,1943-06-05T00:00:00Z,,https://www.wikidata.org/wiki/Q49757|https://www.wikidata.org/wiki/Q4263842,https://www.wikidata.org/wiki/Q270,,https://www.wikidata.org/wiki/Q8441,https://www.wikidata.org/wiki/Q11817802,http://viaf.org/viaf/84282737,200097,PL_BezCenzury_articles,,,,,,,False
"Meller, Stefan",,,1942-07-04T00:00:00Z,,https://www.wikidata.org/wiki/Q82955|https://www.wikidata.org/wiki/Q193391|https://www.wikidata.org/wiki/Q201788,https://www.wikidata.org/wiki/Q456,https://www.wikidata.org/wiki/Q270,https://www.wikidata.org/wiki/Q8441,https://www.wikidata.org/wiki/Q552957,http://viaf.org/viaf/22163323,200098,PL_BezCenzury_articles,,,,,,,False
"Michal, Karel",,,1932-12-28T00:00:00Z,,https://www.wikidata.org/wiki/Q487596|https://www.wikidata.org/wiki/Q36180|https://www.wikidata.org/wiki/Q28389,https://www.wikidata.org/wiki/Q1085,https://www.wikidata.org/wiki/Q78,https://www.wikidata.org/wiki/Q8441,https://www.wikidata.org/wiki/Q3508153,http://viaf.org/viaf/25096219,200099,PL_BezCenzury_articles,,,,,,,False
Mielczarek Adam,Mielczarek,Adam,,,,,,,,http://viaf.org/viaf/237352261,200100,PL_BezCenzury_books;PL_BN_books,,,,,,,False
"Mirosławski, Jan",,,,,,,,,,,200101,PL_BezCenzury_articles,,,,,,,False
"Mongin, Olivier",,,1951-00-00T00:00:00Z,,https://www.wikidata.org/wiki/Q4964182,https://www.wikidata.org/wiki/Q90,,https://www.wikidata.org/wiki/Q8441,https://www.wikidata.org/wiki/Q3351226,http://viaf.org/viaf/24621978,200102,PL_BezCenzury_articles,,,,,,,False
,,,,,,,,,,,200103,PL_BezCenzury_articles,,,,,,,False
"Ordęga, Władysław",,,,,,,,,,,200104,PL_BezCenzury_articles,,,,,,,False
Pavel,Pavel,Pavel,1897-09-26T00:00:00Z,1978,https://www.wikidata.org/wiki/Q1469535|https://www.wikidata.org/wiki/Q193391,https://www.wikidata.org/wiki/Q104074,https://www.wikidata.org/wiki/Q242105,https://www.wikidata.org/wiki/Q8441,https://www.wikidata.org/wiki/Q16975,http://viaf.org/viaf/262369759,200105,CZ_books;CZ_articles,,"['papež,']","['VI.,']",,"papež,",,False
"Pavel, Ota",,,1930-07-02T00:00:00Z,,https://www.wikidata.org/wiki/Q1930187|https://www.wikidata.org/wiki/Q36180,https://www.wikidata.org/wiki/Q1085,https://www.wikidata.org/wiki/Q1085,https://www.wikidata.org/wiki/Q8441,https://www.wikidata.org/wiki/Q1322576,http://viaf.org/viaf/24683380,200106,PL_BezCenzury_articles,,,,,,,False
"Piątek, Jolanta",,,,,,,,,,http://viaf.org/viaf/164880592,200107,PL_BezCenzury_articles,,,,,,,False
"Blechschmidt, Erich",Blechschmidt,Erich,1835-06-02T00:00:00Z,1992,https://www.wikidata.org/wiki/Q250867|https://www.wikidata.org/wiki/Q25393460,https://www.wikidata.org/wiki/Q46787,https://www.wikidata.org/wiki/Q237,https://www.wikidata.org/wiki/Q8441,https://www.wikidata.org/wiki/Q43739,http://viaf.org/viaf/95295599,200108,CZ_books;PL_BN_books,,,,,,,False
Pius XI papież,Pius,,1857-05-31T00:00:00Z,1939,https://www.wikidata.org/wiki/Q1469535|https://www.wikidata.org/wiki/Q9149093|https://www.wikidata.org/wiki/Q182436,https://www.wikidata.org/wiki/Q40416,https://www.wikidata.org/wiki/Q237,https://www.wikidata.org/wiki/Q8441,https://www.wikidata.org/wiki/Q42323,http://viaf.org/viaf/88598915,200109,PL_BN_books,,['papież'],['XI'],,,['11'],False
Pius XII papież,Pius,,1876-03-02T00:00:00Z,1958,https://www.wikidata.org/wiki/Q1469535,https://www.wikidata.org/wiki/Q220,https://www.wikidata.org/wiki/Q242105,https://www.wikidata.org/wiki/Q8441,https://www.wikidata.org/wiki/Q2604,http://viaf.org/viaf/63987052,200110,CZ_books;PL_BN_books,,['papież'],['XII'],,,['12'],False
"Plihal, Karel",,,1958-08-23T00:00:00Z,,https://www.wikidata.org/wiki/Q2643890|https://www.wikidata.org/wiki/Q855091|https://www.wikidata.org/wiki/Q177220|https://www.wikidata.org/wiki/Q753110|https://www.wikidata.org/wiki/Q3922505,https://www.wikidata.org/wiki/Q470380,,https://www.wikidata.org/wiki/Q8441,https://www.wikidata.org/wiki/Q2476370,http://viaf.org/viaf/84123668,200111,PL_BezCenzury_articles,,,,,,,False
"Prášek, Robert",,,,,,,,,,,200113,PL_BezCenzury_articles,,,,,,,False
"Puchalska, Mirosława",,,1928-01-01T00:00:00Z,,,,,,https://www.wikidata.org/wiki/Q110089187,http://viaf.org/viaf/47159,200114,PL_BezCenzury_articles,,,,,,,False
R.I.,,,,,,,,,,,200115,PL_BezCenzury_articles,,,,,,,False
R.R.,,,,,,,,,,,200116,PL_BezCenzury_articles,,,,,,,False
"Rawski, Witold",,,,,,,,,,http://viaf.org/viaf/102180033,200117,PL_BezCenzury_articles,,,,,,,False
"Richterova, Sylvia",,,,,,,,,,http://viaf.org/viaf/51335475,200118,PL_BezCenzury_articles,,,,,,,False
"Rogatko, Bogdan",,,1940-05-20T00:00:00Z,,https://www.wikidata.org/wiki/Q2085381|https://www.wikidata.org/wiki/Q4263842,,,https://www.wikidata.org/wiki/Q8441,https://www.wikidata.org/wiki/Q29051570,http://viaf.org/viaf/19710912,200119,PL_BezCenzury_articles,,,,,,,False
"Rosiek, Stanisław",Rosiek,Stanisław,1953-08-14T00:00:00Z,,https://www.wikidata.org/wiki/Q4263842,https://www.wikidata.org/wiki/Q1792,,https://www.wikidata.org/wiki/Q8441,https://www.wikidata.org/wiki/Q9342946,http://viaf.org/viaf/1179934,200120,PL_BezCenzury_articles;CZ_articles,,,,,,,False
"Rzymska, Dorota",,,,,,,,,,http://viaf.org/viaf/165594213,200121,PL_BezCenzury_articles,,,,,,,False
"Sabo, Roman",,,1955-00-00T00:00:00Z,,https://www.wikidata.org/wiki/Q13418253,,,https://www.wikidata.org/wiki/Q8441,https://www.wikidata.org/wiki/Q19269634,http://viaf.org/viaf/437147965849184081704,200122,PL_BezCenzury_articles,,,,,,,False
"Salomon, Christian",,,,,,,,,,,200123,PL_BezCenzury_articles,,,,,,,False
"Skála, Ivan",,,1922-10-06T00:00:00Z,,https://www.wikidata.org/wiki/Q82955|https://www.wikidata.org/wiki/Q49757|https://www.wikidata.org/wiki/Q1930187|https://www.wikidata.org/wiki/Q333634,https://www.wikidata.org/wiki/Q10815719,https://www.wikidata.org/wiki/Q1085,https://www.wikidata.org/wiki/Q8441,https://www.wikidata.org/wiki/Q12022009,http://viaf.org/viaf/59885078,200124,PL_BezCenzury_articles,,,,,,,False
"Słowiński, Włodzimierz",,,,,,,,,,,200125,PL_BezCenzury_articles,,,,,,,False
"Soukup, Karel (Charlie)",,,1951-01-22T00:00:00Z,,https://www.wikidata.org/wiki/Q36834|https://www.wikidata.org/wiki/Q822146|https://www.wikidata.org/wiki/Q177220,https://www.wikidata.org/wiki/Q1085,,https://www.wikidata.org/wiki/Q8441,https://www.wikidata.org/wiki/Q12028529,http://viaf.org/viaf/41487544,200126,PL_BezCenzury_articles,,,,,,,False
"Stawrowski, Zbigniew",,,1958-03-14T00:00:00Z,,https://www.wikidata.org/wiki/Q2251335,,,https://www.wikidata.org/wiki/Q8441,https://www.wikidata.org/wiki/Q9388316,http://viaf.org/viaf/101945169,200127,PL_BezCenzury_articles,,,,,,,False
"Strachowska, Bożena",,,,,,,,,,,200128,PL_BezCenzury_articles,,,,,,,False
"Stroz, Daniel",,,1943-08-04T00:00:00Z,,https://www.wikidata.org/wiki/Q82955|https://www.wikidata.org/wiki/Q2085381|https://www.wikidata.org/wiki/Q49757|https://www.wikidata.org/wiki/Q36180,https://www.wikidata.org/wiki/Q43453,,https://www.wikidata.org/wiki/Q8441,https://www.wikidata.org/wiki/Q3504092,http://viaf.org/viaf/98242154,200129,PL_BezCenzury_articles,,,,,,,False
"Sysak, Jerzy",,,,,,,,,,,200130,PL_BezCenzury_articles,,,,,,,False
"Szczepańska, Elżbieta",,,,,,,,,,http://viaf.org/viaf/248857774,200131,PL_BezCenzury_articles,,,,,,,False
"Szczęsna, Joanna",,,1949-12-02T00:00:00Z,,,https://www.wikidata.org/wiki/Q580,,https://www.wikidata.org/wiki/Q467,https://www.wikidata.org/wiki/Q11727539,http://viaf.org/viaf/32322096,200132,PL_BezCenzury_articles,,,,,,,False
"Szulc, Andrzej",,,,,,,,,,,200134,PL_BezCenzury_articles,,,,,,,False
"Turski, Ryszard",,,1929-00-00T00:00:00Z,,https://www.wikidata.org/wiki/Q1930187|https://www.wikidata.org/wiki/Q2306091,,,https://www.wikidata.org/wiki/Q8441,https://www.wikidata.org/wiki/Q9325020,http://viaf.org/viaf/240876066,200135,PL_BezCenzury_articles,,,,,,,False
Vance Jack,Vance,Jack,1916-08-28T00:00:00Z,,https://www.wikidata.org/wiki/Q6625963|https://www.wikidata.org/wiki/Q36180|https://www.wikidata.org/wiki/Q18844224,https://www.wikidata.org/wiki/Q62,https://www.wikidata.org/wiki/Q17042,https://www.wikidata.org/wiki/Q8441,https://www.wikidata.org/wiki/Q312632,http://viaf.org/viaf/111614127,200136,PL_BN_books,Jay Kavanse|Ellery Queen|Peter Held|Alan Wade|John van See,,,,,,False
Vanderhaar Gerard A.,Vanderhaar,Gerard A.,,,,,,,,http://viaf.org/viaf/6361700,200137,PL_BN_books,,,,,,,False
"Vejvoda, Jaroslav",,,1940-09-13T00:00:00Z,,https://www.wikidata.org/wiki/Q36180|https://www.wikidata.org/wiki/Q28389,https://www.wikidata.org/wiki/Q1085,,https://www.wikidata.org/wiki/Q8441,https://www.wikidata.org/wiki/Q12024110,http://viaf.org/viaf/98279065,200138,PL_BezCenzury_articles,,,,,,,False
Villemarest Pierre Faillant de,Villemarest de,Pierre Faillant,1922-12-10T00:00:00Z,,https://www.wikidata.org/wiki/Q5121444|https://www.wikidata.org/wiki/Q11774202|https://www.wikidata.org/wiki/Q1397808|https://www.wikidata.org/wiki/Q1930187,https://www.wikidata.org/wiki/Q203645,https://www.wikidata.org/wiki/Q171800,https://www.wikidata.org/wiki/Q8441,https://www.wikidata.org/wiki/Q981737,http://viaf.org/viaf/94850847,200139,PL_BN_books,,,,,,,False
Vincenz Stanisław,Vincenz,Stanisław,1888-11-30T00:00:00Z,1971,https://www.wikidata.org/wiki/Q4964182|https://www.wikidata.org/wiki/Q36180|https://www.wikidata.org/wiki/Q333634,https://www.wikidata.org/wiki/Q4423536,https://www.wikidata.org/wiki/Q807,https://www.wikidata.org/wiki/Q8441,https://www.wikidata.org/wiki/Q1970342,http://viaf.org/viaf/118611275,200140,PL_BN_books,,,,,,,False
Vinokur Boris Il'ič,Vinokur,Boris Il'ič,,,,,,,,http://viaf.org/viaf/164847184,200141,PL_BN_books,,,,,Winokur Borys,,False
"Vladislav, Jan",,,1923-01-15T00:00:00Z,,https://www.wikidata.org/wiki/Q36180|https://www.wikidata.org/wiki/Q49757|https://www.wikidata.org/wiki/Q11774202|https://www.wikidata.org/wiki/Q333634,https://www.wikidata.org/wiki/Q754773,https://www.wikidata.org/wiki/Q1085,https://www.wikidata.org/wiki/Q8441,https://www.wikidata.org/wiki/Q1924490,http://viaf.org/viaf/34464240,200142,PL_BezCenzury_articles,,,,,,,False
"Vyskocil, Ivan",,,1929-04-27T00:00:00Z,,https://www.wikidata.org/wiki/Q33999|https://www.wikidata.org/wiki/Q487596|https://www.wikidata.org/wiki/Q3455803|https://www.wikidata.org/wiki/Q1231865|https://www.wikidata.org/wiki/Q2251335|https://www.wikidata.org/wiki/Q36180|https://www.wikidata.org/wiki/Q18844224,https://www.wikidata.org/wiki/Q1085,,https://www.wikidata.org/wiki/Q8441,https://www.wikidata.org/wiki/Q12022022,http://viaf.org/viaf/11227014,200143,PL_BezCenzury_articles,,,,,,,False
W.W.,,,,,,,,,,,200144,PL_BezCenzury_articles,,,,,,,False
"Walendowski, Tadeusz",,,1944-04-21T00:00:00Z,,https://www.wikidata.org/wiki/Q1930187,https://www.wikidata.org/wiki/Q36036,https://www.wikidata.org/wiki/Q61,https://www.wikidata.org/wiki/Q8441,https://www.wikidata.org/wiki/Q9354969,http://viaf.org/viaf/303106507,200145,PL_BezCenzury_articles,,,,,,,False
"Wilczyńska, Teresa",,,,,,,,,,,200146,PL_BezCenzury_articles,,,,,,,False
Vinokur Boris Il'ič,Vinokur,Boris Il'ič,,,,,,,,http://viaf.org/viaf/164847184,200147,PL_BN_books,,,,,Winokur Borys,,False
"Wirpsza-Kurecka, Maria",,,1920-07-20T00:00:00Z,,https://www.wikidata.org/wiki/Q36180|https://www.wikidata.org/wiki/Q333634,https://www.wikidata.org/wiki/Q104725,https://www.wikidata.org/wiki/Q64,https://www.wikidata.org/wiki/Q467,https://www.wikidata.org/wiki/Q11768986,http://viaf.org/viaf/40397949,200148,PL_BezCenzury_articles,,,,,,,False
"Włodek, Adam",,,1922-08-08T00:00:00Z,,https://www.wikidata.org/wiki/Q4263842|https://www.wikidata.org/wiki/Q49757|https://www.wikidata.org/wiki/Q14467526|https://www.wikidata.org/wiki/Q333634|https://www.wikidata.org/wiki/Q6051619,https://www.wikidata.org/wiki/Q31487,https://www.wikidata.org/wiki/Q31487,https://www.wikidata.org/wiki/Q8441,https://www.wikidata.org/wiki/Q3180512,http://viaf.org/viaf/74782036,200149,PL_BezCenzury_articles,,,,,,,False
"Wojoczek, Anna",,,,,,,,,,,200150,PL_BezCenzury_articles,,,,,,,False
"Wouden, Ries van der",,,,,,,,,,http://viaf.org/viaf/60437985,200151,PL_BezCenzury_articles,,,,,,,False
"Wyka, Marta",,,1938-01-07T00:00:00Z,,https://www.wikidata.org/wiki/Q4263842,https://www.wikidata.org/wiki/Q31487,,https://www.wikidata.org/wiki/Q467,https://www.wikidata.org/wiki/Q11770646,http://viaf.org/viaf/68946360,200152,PL_BezCenzury_articles,,,,,,,False
"Zahradnik, Roman",,,,,,,,,,,200153,PL_BezCenzury_articles,,,,,,,False
"Zarek, Józef",,,1949-01-15T00:00:00Z,,https://www.wikidata.org/wiki/Q15976341|https://www.wikidata.org/wiki/Q201788|https://www.wikidata.org/wiki/Q71049101|https://www.wikidata.org/wiki/Q333634,https://www.wikidata.org/wiki/Q7599331,,https://www.wikidata.org/wiki/Q8441,https://www.wikidata.org/wiki/Q11731679,http://viaf.org/viaf/235778223,200154,PL_BezCenzury_articles,,,,,,,False
"Zborski, Bartłomiej",,,1953-01-01T00:00:00Z,,https://www.wikidata.org/wiki/Q333634,,,,https://www.wikidata.org/wiki/Q111430669,http://viaf.org/viaf/4578156,200155,PL_BezCenzury_articles,,,,,,,False
"Zieleniec, Włodzimierz",,,,,,,,,,http://viaf.org/viaf/161291246,200156,PL_BezCenzury_books,,,,,,,False
"Zięty, Jerzy",,,,,,,,,,,200157,PL_BezCenzury_articles,,,,,,,False
"Ziółkowska, Zofia",,,,,,,,,,http://viaf.org/viaf/167368579,200158,PL_BezCenzury_articles,,,,,,,False
Rurarz Ewa,Rurarz,Ewa,,,,,,,,http://viaf.org/viaf/166570828,2003,PL_BN_books,,,,,,,False
Chrzanowski Wiesław,Chrzanowski,Wiesław,1923-12-20T00:00:00Z,2012-04-29T00:00:00Z,https://www.wikidata.org/wiki/Q1622272|https://www.wikidata.org/wiki/Q82955|https://www.wikidata.org/wiki/Q380075,https://www.wikidata.org/wiki/Q270,https://www.wikidata.org/wiki/Q270,https://www.wikidata.org/wiki/Q8441,https://www.wikidata.org/wiki/Q245762,http://viaf.org/viaf/15611525,2004,PL_BN_books,,,,,,,False
Rurarz Zdzisław,Rurarz,Zdzisław,1930-02-24T00:00:00Z,2007-01-21T00:00:00Z,https://www.wikidata.org/wiki/Q82955|https://www.wikidata.org/wiki/Q193391|https://www.wikidata.org/wiki/Q1227195,https://www.wikidata.org/wiki/Q1753143,https://www.wikidata.org/wiki/Q408744,https://www.wikidata.org/wiki/Q8441,https://www.wikidata.org/wiki/Q9389836,http://viaf.org/viaf/64809189,2005,PL_BN_books,,,,,,,False
Dębicki Stanisław,Dębicki,Stanisław,,,,,,,,http://viaf.org/viaf/162827321,2006,PL_BN_books,,,,,,,False
Wancerz- Gluza Alicja,Wancerz- Gluza,Alicja,,,,,,,,http://viaf.org/viaf/102007744,2007,PL_BN_books,Karska Anna,,,,,,False
Widłak Wojciech,Widłak,Wojciech,1957-11-21T00:00:00Z,,https://www.wikidata.org/wiki/Q4853732,https://www.wikidata.org/wiki/Q31487,,https://www.wikidata.org/wiki/Q8441,https://www.wikidata.org/wiki/Q9376953,http://viaf.org/viaf/100840855,2008,PL_BN_books,Marek Lach|Lach Marek,,,,,,False
Chrząszczewski Aleksander,Chrząszczewski,Aleksander,,,,,,,,http://viaf.org/viaf/102153850,2009,PL_BN_books,Trzaska Aleksander,,,,,,False
Jeremiasz,Jeremiasz,,,,,,,,,http://viaf.org/viaf/303854464,201,PL_BN_books,,,,,,,False
Chudy Wojciech,Chudy,Wojciech,1947-12-08T00:00:00Z,2007-03-15T00:00:00Z,https://www.wikidata.org/wiki/Q4964182,,,https://www.wikidata.org/wiki/Q8441,https://www.wikidata.org/wiki/Q9376405,http://viaf.org/viaf/101751523,2011,CZ_articles;PL_BN_books,,,,,,,False
Dąbrowski Witold,Dąbrowski,Witold,1933-09-28T00:00:00Z,1978-05-10T00:00:00Z,https://www.wikidata.org/wiki/Q49757,https://www.wikidata.org/wiki/Q721937,https://www.wikidata.org/wiki/Q270,https://www.wikidata.org/wiki/Q8441,https://www.wikidata.org/wiki/Q9375633,http://viaf.org/viaf/84256977,2012,PL_BN_books,,,,,,,False
Churchill Winston Spencer,Churchill,Winston Spencer,1874-11-30T00:00:00Z,1965-01-24T00:00:00Z,https://www.wikidata.org/wiki/Q82955|https://www.wikidata.org/wiki/Q201788,https://www.wikidata.org/wiki/Q208181,https://www.wikidata.org/wiki/Q5953682,https://www.wikidata.org/wiki/Q8441,https://www.wikidata.org/wiki/Q8016,http://viaf.org/viaf/94507588,2013,PL_BN_books,,,,,,,False
Herzog Paweł,Herzog,Paweł,,,,,,,,http://viaf.org/viaf/101942957,2014,PL_BN_books,,,,,,,False
Hanff Konstanty Zygfryd,Hanff,Konstanty Zygfryd,1926-01-01T00:00:00Z,2000-12-17T00:00:00Z,https://www.wikidata.org/wiki/Q4178004|https://www.wikidata.org/wiki/Q333634,,,https://www.wikidata.org/wiki/Q8441,https://www.wikidata.org/wiki/Q98280824,http://viaf.org/viaf/101988560,2015,PL_BN_books,,,,,,,False
Ciasna Ewa,Ciasna,Ewa,,,,,,,,http://viaf.org/viaf/303844906,2018,PL_BN_books,,,,,,,False
Vojnovi~5c Vladimir,Vojnovi~5c,Vladimir,1929-09-21T00:00:00Z,,https://www.wikidata.org/wiki/Q1294626|https://www.wikidata.org/wiki/Q4853732|https://www.wikidata.org/wiki/Q488205|https://www.wikidata.org/wiki/Q49757|https://www.wikidata.org/wiki/Q36180|https://www.wikidata.org/wiki/Q855091|https://www.wikidata.org/wiki/Q12144794|https://www.wikidata.org/wiki/Q822146|https://www.wikidata.org/wiki/Q28389,https://www.wikidata.org/wiki/Q919,,https://www.wikidata.org/wiki/Q8441,https://www.wikidata.org/wiki/Q4062196,http://viaf.org/viaf/22293812,2020,PL_BN_books,Юз,,,,Wojnowicz Władimir,,False
Mianowicz Tomasz,Mianowicz,Tomasz,1955-01-01T00:00:00Z,,https://www.wikidata.org/wiki/Q1930187|https://www.wikidata.org/wiki/Q201788|https://www.wikidata.org/wiki/Q333634,,,https://www.wikidata.org/wiki/Q8441,https://www.wikidata.org/wiki/Q95280780,http://viaf.org/viaf/164450707,2021,PL_BN_books,,,,,,,False
Stefaniak Krystyna,Stefaniak,Krystyna,,,,,,,,http://viaf.org/viaf/311120847,2022,PL_BN_books,,,,,,,False
Czeczor,Czeczor,,,,,,,,,http://viaf.org/viaf/68455174,2023,PL_BN_books,,,,,,,False
Pieńkowski Władysław,Pieńkowski,Władysław,,,,,,,,http://viaf.org/viaf/164404519,2024,PL_BN_books,,,,,,,False
Polkowski Czesław,Polkowski,Czesław,,,,,,,,http://viaf.org/viaf/163808205,2025,PL_BN_books,,,,,,,False
Dłużewski Wojciech,Dłużewski,Wojciech,,,,,,,,http://viaf.org/viaf/115742345,2026,PL_BN_books,,,,,,,False
Witwicka Katarzyna,Witwicka,Katarzyna,,,,,,,,http://viaf.org/viaf/6060914,2027,PL_BN_books,Niejaka Katarzyna,,,,,,False
On i Ona sp. z o.o.,On i Ona sp. z o.o.,,,,,,,,,http://viaf.org/viaf/311365153,2028,PL_BN_books,,,,,,,False
Cichy Karol,Cichy,Karol,,,,,,,,http://viaf.org/viaf/300864197,2030,PL_BN_books,,,,,,,False
Goryński Juliusz,Goryński,Juliusz,1911-01-01T00:00:00Z,1986-01-01T00:00:00Z,https://www.wikidata.org/wiki/Q1622272,https://www.wikidata.org/wiki/Q1741,https://www.wikidata.org/wiki/Q270,https://www.wikidata.org/wiki/Q8441,https://www.wikidata.org/wiki/Q83381886,http://viaf.org/viaf/37726911,2031,PL_BN_books,,,,,,,False
Markiewicz Władysław,Markiewicz,Władysław,1920-01-02T00:00:00Z,2017-01-18T00:00:00Z,https://www.wikidata.org/wiki/Q2306091,https://www.wikidata.org/wiki/Q52895,https://www.wikidata.org/wiki/Q270,https://www.wikidata.org/wiki/Q8441,https://www.wikidata.org/wiki/Q8041230,http://viaf.org/viaf/64836658,2032,PL_BN_books,,,,,,,False
Ciechanowski Jan Mieczysław,Ciechanowski,Jan Mieczysław,1930-04-16T00:00:00Z,2016-01-13T00:00:00Z,https://www.wikidata.org/wiki/Q201788,https://www.wikidata.org/wiki/Q270,https://www.wikidata.org/wiki/Q84,https://www.wikidata.org/wiki/Q8441,https://www.wikidata.org/wiki/Q11717231,http://viaf.org/viaf/25949868,2034,PL_BN_books,,,,,,,False
Strzelecki Ryszard,Strzelecki,Ryszard,,,,,,,,http://viaf.org/viaf/42067077,2035,PL_BN_books,,,,,,,False
Kret A.,Kret,A.,,,,,,,,http://viaf.org/viaf/302005504,2036,PL_BN_books,,,,,,,False
Podgórska Anna,Podgórska,Anna,,,,,,,,http://viaf.org/viaf/101968044,2037,PL_BN_books,,,,,,,False
Z. P.,Z. P.,,,,,,,,,http://viaf.org/viaf/303351831,2038,PL_BN_books,,,,,,,False
Cielenkiewicz A.,Cielenkiewicz,A.,,,,,,,,http://viaf.org/viaf/165298615,2039,PL_BN_books,Cielenkiewicz A.,,,,Cielenkiewiczowie A. i B.,,False
Ciesielczyk Małgorzata,Ciesielczyk,Małgorzata,,,,,,,,http://viaf.org/viaf/165811932,2040,PL_BN_books,,,,,,,False
Cielenkiewicz B.,Cielenkiewicz,B.,,,,,,,,http://viaf.org/viaf/166877850,2041,PL_BN_books,Cielenkiewicz A.,,,,Cielenkiewiczowie A. i B.,,False
Jasińska Elżbieta,Jasińska,Elżbieta,,,,,,,,http://viaf.org/viaf/3470159248575304870009,2042,PL_BN_books,,,,,,,False
Trevor- Roper H. R.,Trevor- Roper,H. R.,1914-01-15T00:00:00Z,2003-01-26T00:00:00Z,https://www.wikidata.org/wiki/Q1930187|https://www.wikidata.org/wiki/Q201788|https://www.wikidata.org/wiki/Q1622272|https://www.wikidata.org/wiki/Q82955|https://www.wikidata.org/wiki/Q5121444|https://www.wikidata.org/wiki/Q4002659|https://www.wikidata.org/wiki/Q11774202|https://www.wikidata.org/wiki/Q6051619|https://www.wikidata.org/wiki/Q17489339,https://www.wikidata.org/wiki/Q2218224,https://www.wikidata.org/wiki/Q34217,https://www.wikidata.org/wiki/Q8441,https://www.wikidata.org/wiki/Q335087,http://viaf.org/viaf/4937390,2043,PL_BN_books,,,,,,,False
Tec Janusz,Tec,Janusz,,,,,,,,http://viaf.org/viaf/311259967,2044,PL_BN_books,,,,,,,False
Missika Jean Louis,Missika,Jean Louis,1951-03-06T00:00:00Z,,https://www.wikidata.org/wiki/Q82955|https://www.wikidata.org/wiki/Q2306091,https://www.wikidata.org/wiki/Q3561,,https://www.wikidata.org/wiki/Q8441,https://www.wikidata.org/wiki/Q3166905,http://viaf.org/viaf/27068913,2046,PL_BN_books,,,,,,,False
Ciesielczyk Marek,Ciesielczyk,Marek,,,,,,,,http://viaf.org/viaf/101838699,2047,PL_BN_books,,,,,,,False
Jeske- Choiński Teodor,Jeske- Choiński,Teodor,1854-02-27T00:00:00Z,1920-04-14T00:00:00Z,https://www.wikidata.org/wiki/Q6430706|https://www.wikidata.org/wiki/Q201788,https://www.wikidata.org/wiki/Q555876,https://www.wikidata.org/wiki/Q270,https://www.wikidata.org/wiki/Q8441,https://www.wikidata.org/wiki/Q4177179,http://viaf.org/viaf/24645778,205,PL_BN_books,Teodor Habdank|T. J. Orlicz|Teodor Pancerny|M. Bogdanowicz,,,,,,False
Kaganowski Efroim,Kaganowski,Efroim,1893-01-01T00:00:00Z,1958-10-17T00:00:00Z,https://www.wikidata.org/wiki/Q6625963,https://www.wikidata.org/wiki/Q36,https://www.wikidata.org/wiki/Q90,https://www.wikidata.org/wiki/Q8441,https://www.wikidata.org/wiki/Q59529212,http://viaf.org/viaf/30346130,2052,PL_BN_books,,,,,,,False
Stoper Stiopa,Stoper,Stiopa,,,,,,,,http://viaf.org/viaf/162446961,2053,PL_BN_books,,,,,,,False
Czerwonka Jacek,Czerwonka,Jacek,,,,,,,,http://viaf.org/viaf/300453091,2055,PL_BN_books,,,,,,,False
Ciołkosz Adam,Ciołkosz,Adam,1902-01-05T00:00:00Z,1978-10-01T00:00:00Z,https://www.wikidata.org/wiki/Q4002659,https://www.wikidata.org/wiki/Q31487,https://www.wikidata.org/wiki/Q84,https://www.wikidata.org/wiki/Q8441,https://www.wikidata.org/wiki/Q3180296,http://viaf.org/viaf/51797685,2057,PL_BN_books,Ciołkoszowa Lidia|Ciołkosz Adam,,,,Ciołkoszowie Adam i Lidia,,False
"Horáková, Milada",Horáková,Milada,1901-12-25T00:00:00Z,1950-06-27T00:00:00Z,https://www.wikidata.org/wiki/Q1397808|https://www.wikidata.org/wiki/Q82955|https://www.wikidata.org/wiki/Q185351,https://www.wikidata.org/wiki/Q662985,https://www.wikidata.org/wiki/Q662985,https://www.wikidata.org/wiki/Q467,https://www.wikidata.org/wiki/Q274152,http://viaf.org/viaf/46826139,2059,CZ_articles,,,,,,,False
Jesko Mirosław,Jesko,Mirosław,,,,,,,,http://viaf.org/viaf/26769511,206,PL_BN_books,,,,,,,False
Odrowąż Czesław,Odrowąż,Czesław,,,,,,,,http://viaf.org/viaf/301853712,2061,PL_BN_books,,,,,,,False
Rząsa Stanisław,Rząsa,Stanisław,,,,,,,,http://viaf.org/viaf/20099659,2063,PL_BN_books,,,,,,,False
Madej Wojciech,Madej,Wojciech,,,,,,,,http://viaf.org/viaf/101823202,2064,PL_BN_books,,,,,,,False
Tress,Tress,,,,,,,,,http://viaf.org/viaf/301399114,2065,PL_BN_books,,,,,,,False
Ster Marek,Ster,Marek,,,,,,,,http://viaf.org/viaf/44721982,2066,PL_BN_books,,,,,,,False
Skąpski Jerzy,Skąpski,Jerzy,,,,,,,,http://viaf.org/viaf/101929855,2067,PL_BN_books,,,,,,,False
Wernicka Julia,Wernicka,Julia,,,,,,,,http://viaf.org/viaf/301593358,2068,PL_BN_books,,,,,,,False
Man Stefan,Man,Stefan,,,,,,,,http://viaf.org/viaf/301993212,2069,PL_BN_books,,,,,,,False
Merykańska Pola,Merykańska,Pola,,,,,,,,http://viaf.org/viaf/162035085,2070,PL_BN_books,,,,,,,False
Fijewski Dariusz,Fijewski,Dariusz,,,,,,,,http://viaf.org/viaf/162655982,2071,PL_BN_books,,,,,,,False
Matuszewska Lena,Matuszewska,Lena,,,,,,,,http://viaf.org/viaf/162088184,2073,PL_BN_books,Matwinow Leja,,,,,,False
Koszutska Olga,Koszutska,Olga,1930-10-23T00:00:00Z,2002-02-09T00:00:00Z,https://www.wikidata.org/wiki/Q33999|https://www.wikidata.org/wiki/Q3455803,https://www.wikidata.org/wiki/Q52842,https://www.wikidata.org/wiki/Q270,https://www.wikidata.org/wiki/Q467,https://www.wikidata.org/wiki/Q97665648,http://viaf.org/viaf/165772649,2074,PL_BN_books,Kalisz Olgierd,,,,,,False
L. J.,L. J.,,1932-09-03T00:00:00Z,1986-10-07T00:00:00Z,https://www.wikidata.org/wiki/Q201788|https://www.wikidata.org/wiki/Q50359779|https://www.wikidata.org/wiki/Q36180|https://www.wikidata.org/wiki/Q6051619|https://www.wikidata.org/wiki/Q9379869,https://www.wikidata.org/wiki/Q270,https://www.wikidata.org/wiki/Q270,https://www.wikidata.org/wiki/Q8441,https://www.wikidata.org/wiki/Q6185608,http://viaf.org/viaf/17236089,2075,PL_BN_books,,,,,,,False
Zalewski Adam,Zalewski,Adam,,,,,,,,http://viaf.org/viaf/162033961,2076,PL_BN_books,,,,,,,False
Jęczmyk Lech,Jęczmyk,Lech,1936-01-10T00:00:00Z,,https://www.wikidata.org/wiki/Q1930187|https://www.wikidata.org/wiki/Q14467526|https://www.wikidata.org/wiki/Q333634,https://www.wikidata.org/wiki/Q41252,,https://www.wikidata.org/wiki/Q8441,https://www.wikidata.org/wiki/Q929740,http://viaf.org/viaf/101748540,2077,PL_BezCenzury_articles;PL_BN_books,,,,,,,False
Wysocka Celina,Wysocka,Celina,,,,,,,,http://viaf.org/viaf/301986379,2078,PL_BN_books,,,,,,,False
Drzycimski Andrzej,Drzycimski,Andrzej,1942-10-30T00:00:00Z,,https://www.wikidata.org/wiki/Q1930187|https://www.wikidata.org/wiki/Q201788,https://www.wikidata.org/wiki/Q850688,,https://www.wikidata.org/wiki/Q8441,https://www.wikidata.org/wiki/Q9151904,http://viaf.org/viaf/101815935,2079,PL_BN_books,Jan Mur|Mur Jan,,,,,,False
Wolton Dominique,Wolton,Dominique,1947-04-26T00:00:00Z,,https://www.wikidata.org/wiki/Q2306091|https://www.wikidata.org/wiki/Q1238570,https://www.wikidata.org/wiki/Q132830,,https://www.wikidata.org/wiki/Q8441,https://www.wikidata.org/wiki/Q3035531,http://viaf.org/viaf/92908061,2080,PL_BN_books,,,,,,,False
Kinaszewski Adam,Kinaszewski,Adam,,,,,,,,http://viaf.org/viaf/267010125,2081,PL_BN_books,Mur Jan,,,,,,False
T.W.Z.,T.W.Z.,,,,,,,,,http://viaf.org/viaf/301787911,2082,PL_BN_books,,,,,,,False
Syryjczyk Tadeusz,Syryjczyk,Tadeusz,1948-02-09T00:00:00Z,,https://www.wikidata.org/wiki/Q82594|https://www.wikidata.org/wiki/Q82955,https://www.wikidata.org/wiki/Q31487,,https://www.wikidata.org/wiki/Q8441,https://www.wikidata.org/wiki/Q9354892,http://viaf.org/viaf/57872878,2083,PL_BN_books,T. S.,,,,,,True
Romerowa Zofia,Romerowa,Zofia,1897-01-01T00:00:00Z,1981-01-01T00:00:00Z,https://www.wikidata.org/wiki/Q482980,,,,https://www.wikidata.org/wiki/Q107371039,http://viaf.org/viaf/262502905,2085,PL_BN_books,,,,,,,False
Fac Bolesław,Fac,Bolesław,1929-02-09T00:00:00Z,2000-01-12T00:00:00Z,https://www.wikidata.org/wiki/Q49757,https://www.wikidata.org/wiki/Q556484,https://www.wikidata.org/wiki/Q1792,https://www.wikidata.org/wiki/Q8441,https://www.wikidata.org/wiki/Q9176655,http://viaf.org/viaf/71444760,2086,PL_BN_books,,,,,,,False
Stryjec Ryszard,Stryjec,Ryszard,1932-04-30T00:00:00Z,1997-06-05T00:00:00Z,https://www.wikidata.org/wiki/Q1028181,https://www.wikidata.org/wiki/Q3692422,https://www.wikidata.org/wiki/Q1792,https://www.wikidata.org/wiki/Q8441,https://www.wikidata.org/wiki/Q9324974,http://viaf.org/viaf/166780049,2087,PL_BN_books,,,,,,,False
Sowula Grzegorz,Sowula,Grzegorz,,,,,,,,http://viaf.org/viaf/101796708,2088,PL_BN_books,,,,,,,False
Lisowiec Michał,Lisowiec,Michał,,,,,,,,http://viaf.org/viaf/301033847,2089,PL_BN_books,,,,,,,False
Jędrzejewicz Wacław,Jędrzejewicz,Wacław,1893-01-29T00:00:00Z,1993-11-30T00:00:00Z,https://www.wikidata.org/wiki/Q193391|https://www.wikidata.org/wiki/Q201788|https://www.wikidata.org/wiki/Q4002659,https://www.wikidata.org/wiki/Q4437954,https://www.wikidata.org/wiki/Q755226,https://www.wikidata.org/wiki/Q8441,https://www.wikidata.org/wiki/Q284544,http://viaf.org/viaf/112009920,209,PL_BN_books,,,,,,,False
Dębski Marek,Dębski,Marek,,,,,,,,http://viaf.org/viaf/101709984,2092,PL_BN_books,,,,,,,False
Burszta- Kubiak Iwona,Burszta- Kubiak,Iwona,,,,,,,,http://viaf.org/viaf/101922845,2093,PL_BN_books,,,,,,,False
Kłos Maria,Kłos,Maria,,,,,,,,http://viaf.org/viaf/60104188,2094,PL_BN_books,,,,,,,False
Wołek Tomasz,Wołek,Tomasz,1947-10-14T00:00:00Z,,https://www.wikidata.org/wiki/Q1930187,https://www.wikidata.org/wiki/Q1792,,https://www.wikidata.org/wiki/Q8441,https://www.wikidata.org/wiki/Q9359803,http://viaf.org/viaf/8799053,2095,PL_BN_books,,,,,,,False
Paszkiewicz Henryk,Paszkiewicz,Henryk,1897-03-10T00:00:00Z,1979-12-08T00:00:00Z,https://www.wikidata.org/wiki/Q3332711,https://www.wikidata.org/wiki/Q580,https://www.wikidata.org/wiki/Q84,https://www.wikidata.org/wiki/Q8441,https://www.wikidata.org/wiki/Q9288582,http://viaf.org/viaf/32254784,2096,PL_BN_books,,,,,,,False
Skwarczyńska Stefania,Skwarczyńska,Stefania,1902-11-17T00:00:00Z,1988-04-28T00:00:00Z,https://www.wikidata.org/wiki/Q901,https://www.wikidata.org/wiki/Q1020330,https://www.wikidata.org/wiki/Q580,https://www.wikidata.org/wiki/Q467,https://www.wikidata.org/wiki/Q9345531,http://viaf.org/viaf/61563106,2097,PL_BN_books,,,,,,,False
Grottger Artur,Grottger,Artur,1840-01-01T00:00:00Z❦1837-11-11T00:00:00Z,1867-12-13T00:00:00Z,https://www.wikidata.org/wiki/Q1028181,https://www.wikidata.org/wiki/Q4340239,https://www.wikidata.org/wiki/Q7152,https://www.wikidata.org/wiki/Q8441,https://www.wikidata.org/wiki/Q714401,http://viaf.org/viaf/29805680,2098,PL_BN_books,,,,,,,False
Pomian Andrzej,Pomian,Andrzej,1911-01-02T00:00:00Z,2008-04-20T00:00:00Z,https://www.wikidata.org/wiki/Q1930187|https://www.wikidata.org/wiki/Q380075|https://www.wikidata.org/wiki/Q201788|https://www.wikidata.org/wiki/Q36180,https://www.wikidata.org/wiki/Q1973626,https://www.wikidata.org/wiki/Q61,https://www.wikidata.org/wiki/Q8441,https://www.wikidata.org/wiki/Q9153280,http://viaf.org/viaf/186503,2099,PL_BN_books,,,,,,,False
Gan- Ganowicz Rafał,Gan- Ganowicz,Rafał,1932-04-23T00:00:00Z,2002-11-22T00:00:00Z,https://www.wikidata.org/wiki/Q1930187,https://www.wikidata.org/wiki/Q270,https://www.wikidata.org/wiki/Q37333,https://www.wikidata.org/wiki/Q8441,https://www.wikidata.org/wiki/Q9302909,http://viaf.org/viaf/40271927,21,PL_BN_books,,,,,,,False
Batorowicz Marek,Batorowicz,Marek,,,,,,,,http://viaf.org/viaf/300754939,2100,PL_BN_books,,,,,,,False
Kowalska Maria,Kowalska,Maria,,,,,,,,http://viaf.org/viaf/166952187,2101,PL_BN_books,,,,,,,False
Bielański Roman,Bielański,Roman,,,,,,,,http://viaf.org/viaf/311120846,2102,PL_BN_books,,,,,,,False
Polkowski Andrzej,Polkowski,Andrzej,1939-09-05T00:00:00Z,2019-09-05T00:00:00Z,https://www.wikidata.org/wiki/Q14467526|https://www.wikidata.org/wiki/Q333634,,,https://www.wikidata.org/wiki/Q8441,https://www.wikidata.org/wiki/Q4759691,http://viaf.org/viaf/24618266,2104,PL_BN_books,,,,,,,False
Radożycki Jan,Radożycki,Jan,1911-11-22T00:00:00Z,2003-07-19T00:00:00Z,https://www.wikidata.org/wiki/Q2468727|https://www.wikidata.org/wiki/Q82955,https://www.wikidata.org/wiki/Q2664126,https://www.wikidata.org/wiki/Q270,https://www.wikidata.org/wiki/Q8441,https://www.wikidata.org/wiki/Q11718803,http://viaf.org/viaf/56519044,2105,PL_BN_books,,,,,,,False
Bundzewicz Małgorzata,Bundzewicz,Małgorzata,1951-12-20T00:00:00Z,,https://www.wikidata.org/wiki/Q2707485,,,https://www.wikidata.org/wiki/Q467,https://www.wikidata.org/wiki/Q11772239,http://viaf.org/viaf/164421816,2107,PL_BN_books,,,,,,,False
Antowski Leszek,Antowski,Leszek,,,,,,,,http://viaf.org/viaf/300375415,2108,PL_BN_books,,,,,,,False
Jochimek Jerzy,Jochimek,Jerzy,1920-12-03T00:00:00Z,2010-06-04T00:00:00Z,,https://www.wikidata.org/wiki/Q580,https://www.wikidata.org/wiki/Q812,https://www.wikidata.org/wiki/Q8441,https://www.wikidata.org/wiki/Q11724766,http://viaf.org/viaf/44386031,211,PL_BN_books,,,,,,,False
Almond Gabriel Abraham,Almond,Gabriel Abraham,1911-01-12T00:00:00Z,2002-12-25T00:00:00Z,https://www.wikidata.org/wiki/Q1622272|https://www.wikidata.org/wiki/Q1238570,https://www.wikidata.org/wiki/Q577878,https://www.wikidata.org/wiki/Q117514,https://www.wikidata.org/wiki/Q8441,https://www.wikidata.org/wiki/Q729543,http://viaf.org/viaf/108359881,2111,PL_BN_books,,,,,,,False
Jankowski Paweł D.,Jankowski,Paweł D.,,,,,,,,http://viaf.org/viaf/302958892,2112,PL_BN_books,,,,,,,False
Bradley Keith,Bradley,Keith,,,,,,,,http://viaf.org/viaf/311120864,2113,PL_BN_books,,,,,,,False
Gelb Alan,Gelb,Alan,1947-05-07T00:00:00Z,,,,,https://www.wikidata.org/wiki/Q8441,https://www.wikidata.org/wiki/Q93429801,http://viaf.org/viaf/5063302,2114,PL_BN_books,,,,,,,False
Dąbrowska Barbara,Dąbrowska,Barbara,,,,,,,,http://viaf.org/viaf/120613142,2115,PL_BN_books,,,,,,,False
Zaus Piotr,Zaus,Piotr,,,,,,,,http://viaf.org/viaf/162438788,2116,PL_BN_books,,,,,,,False
Rakowski Krystian,Rakowski,Krystian,,,,,,,,http://viaf.org/viaf/60529589,2117,PL_BN_books,,,,,,,False
Piast Bolesław,Piast,Bolesław,,,,,,,,http://viaf.org/viaf/300679629,2119,PL_BN_books,,,,,,,False
Johansson Sten,Johansson,Sten,1939-01-01T00:00:00Z,2019-09-12T00:00:00Z,https://www.wikidata.org/wiki/Q82955,,,https://www.wikidata.org/wiki/Q8441,https://www.wikidata.org/wiki/Q5887704,http://viaf.org/viaf/26150937,212,PL_BN_books,,,,,,,False
Ruszar Józef,Ruszar,Józef,1951-03-02T00:00:00Z,,https://www.wikidata.org/wiki/Q1930187,,,https://www.wikidata.org/wiki/Q8441,https://www.wikidata.org/wiki/Q16564314,http://viaf.org/viaf/7719326,2120,CZ_articles;PL_BN_books,,,,,,,False
Konopka Tadeusz,Konopka,Tadeusz,,,,,,,,http://viaf.org/viaf/166160708,2121,PL_BN_books,,,,,,,False
Przewłocki Janusz,Przewłocki,Janusz,1927-03-24T00:00:00Z,2007-07-05T00:00:00Z,,https://www.wikidata.org/wiki/Q1906245,https://www.wikidata.org/wiki/Q270,https://www.wikidata.org/wiki/Q8441,https://www.wikidata.org/wiki/Q11720418,http://viaf.org/viaf/143064901,2123,PL_BN_books,,,,,,,False
Romanowski Andrzej,Romanowski,Andrzej,,,,,,,,http://viaf.org/viaf/249913324,2124,PL_BN_books,Dydo Jędrzej,,,,,,False
Świrysz Ryszkiewicz Józef,Świrysz Ryszkiewicz,Józef,1888-05-15T00:00:00Z,1942-01-01T00:00:00Z,https://www.wikidata.org/wiki/Q1028181,https://www.wikidata.org/wiki/Q270,,https://www.wikidata.org/wiki/Q8441,https://www.wikidata.org/wiki/Q11731301,http://viaf.org/viaf/78248590,2125,PL_BN_books,,,,,,,False
Jankowski Maciej,Jankowski,Maciej,1946-07-13T00:00:00Z,2019-07-10T00:00:00Z,https://www.wikidata.org/wiki/Q7886765|https://www.wikidata.org/wiki/Q82955,https://www.wikidata.org/wiki/Q270,https://www.wikidata.org/wiki/Q270,https://www.wikidata.org/wiki/Q8441,https://www.wikidata.org/wiki/Q11765644,http://viaf.org/viaf/266209010,2126,PL_BN_books,,,,,,,False
Rawicki A. G.,Rawicki,A. G.,,,,,,,,http://viaf.org/viaf/302849984,2127,PL_BN_books,,,,,,,False
Brogowski Leszek,Brogowski,Leszek,1955-03-15T00:00:00Z,,https://www.wikidata.org/wiki/Q1028181|https://www.wikidata.org/wiki/Q4964182|https://www.wikidata.org/wiki/Q1792450|https://www.wikidata.org/wiki/Q333634|https://www.wikidata.org/wiki/Q33231,,,https://www.wikidata.org/wiki/Q8441,https://www.wikidata.org/wiki/Q59610834,http://viaf.org/viaf/101818343,2129,PL_BN_books,,,,,,,False
Johnson Paul,Johnson,Paul,1928-11-02T00:00:00Z,,https://www.wikidata.org/wiki/Q1930187|https://www.wikidata.org/wiki/Q201788|https://www.wikidata.org/wiki/Q175301|https://www.wikidata.org/wiki/Q876864|https://www.wikidata.org/wiki/Q36180,https://www.wikidata.org/wiki/Q18125,,https://www.wikidata.org/wiki/Q8441,https://www.wikidata.org/wiki/Q45997,http://viaf.org/viaf/109126594,213,PL_BN_books,,,,,,,False
Kurewicz Mieczysław,Kurewicz,Mieczysław,,,,,,,,http://viaf.org/viaf/166628256,2130,PL_BN_books,,,,,,,False
Sokołowski Ksawery,Sokołowski,Ksawery,,,,,,,,http://viaf.org/viaf/101979288,2131,PL_BN_books,,,,,,,False
Jaksa Piotr,Jaksa,Piotr,,,,,,,,http://viaf.org/viaf/162646415,2132,PL_BN_books,,,,,,,False
Wójcik Przemysław,Wójcik,Przemysław,1931-01-01T00:00:00Z,2008-01-18T00:00:00Z,https://www.wikidata.org/wiki/Q2306091,,,https://www.wikidata.org/wiki/Q8441,https://www.wikidata.org/wiki/Q11828997,http://viaf.org/viaf/74270370,2134,PL_BN_books,,,,,,,False
Śniadower Barbara,Śniadower,Barbara,,,,,,,,http://viaf.org/viaf/165057908,2135,PL_BN_books,,,,,,,False
Birnbaum Mieczysław,Birnbaum,Mieczysław,1889-06-10T00:00:00Z,1940-04-01T00:00:00Z,https://www.wikidata.org/wiki/Q4002659,https://www.wikidata.org/wiki/Q103217,https://www.wikidata.org/wiki/Q321107,https://www.wikidata.org/wiki/Q8441,https://www.wikidata.org/wiki/Q11779659,http://viaf.org/viaf/101804733,2137,PL_BN_books,Binom Mieczysław,,,,,,False
Pomorski Adam,Pomorski,Adam,1956-05-16T00:00:00Z,,https://www.wikidata.org/wiki/Q4263842,https://www.wikidata.org/wiki/Q270,,https://www.wikidata.org/wiki/Q8441,https://www.wikidata.org/wiki/Q4371751,http://viaf.org/viaf/101799105,2138,PL_BN_books,Sentencja Barbara,,,,,,False
Pawlicki Szymon,Pawlicki,Szymon,,,,,,,,http://viaf.org/viaf/300718715,2139,PL_BN_books,,,,,,,False
Josemariá Escrivá de Balaguer bł.,Josemariá Escrivá de Balaguer,,1902-01-09T00:00:00Z,1975-06-26T00:00:00Z,https://www.wikidata.org/wiki/Q250867|https://www.wikidata.org/wiki/Q380075|https://www.wikidata.org/wiki/Q36180,https://www.wikidata.org/wiki/Q502975,https://www.wikidata.org/wiki/Q220,https://www.wikidata.org/wiki/Q8441,https://www.wikidata.org/wiki/Q186807,http://viaf.org/viaf/59077252,214,PL_BN_books,,['bł.'],,['Escrivá de Balaguer Josemariá'],,,False
Lefana Aleksander,Lefana,Aleksander,,,,,,,,http://viaf.org/viaf/102200100,2140,PL_BN_books,,,,,,,False
Ciołkoszowa Lidia,Ciołkoszowa,Lidia,1902-06-24T00:00:00Z,2002-06-09T00:00:00Z,https://www.wikidata.org/wiki/Q201788,https://www.wikidata.org/wiki/Q157994,https://www.wikidata.org/wiki/Q84,https://www.wikidata.org/wiki/Q467,https://www.wikidata.org/wiki/Q11756549,http://viaf.org/viaf/4979353,2141,PL_BN_books,Ciołkoszowa Lidia|Ciołkosz Adam,,,,Ciołkoszowie Adam i Lidia,,False
Jackl Jerzy,Jackl,Jerzy,1933-12-09T00:00:00Z,,https://www.wikidata.org/wiki/Q7886765|https://www.wikidata.org/wiki/Q10379007|https://www.wikidata.org/wiki/Q13570226,,,https://www.wikidata.org/wiki/Q8441,https://www.wikidata.org/wiki/Q11724726,http://viaf.org/viaf/54560729,2142,PL_BN_books,Milwid Franciszek,,,,,,False
Mularczyk Cezary,Mularczyk,Cezary,,,,,,,,http://viaf.org/viaf/161854062,2144,PL_BN_books,,,,,,,False
Kopystyńska Rena,Kopystyńska,Rena,1910-09-29T00:00:00Z,2008-08-16T00:00:00Z,https://www.wikidata.org/wiki/Q212980,https://www.wikidata.org/wiki/Q216,,https://www.wikidata.org/wiki/Q467,https://www.wikidata.org/wiki/Q24263413,http://viaf.org/viaf/101836937,2145,PL_BN_books,Rena Kopystyńska,,,,,,False
Kościałkowski Stefan,Kościałkowski,Stefan,,,,,,,,http://viaf.org/viaf/301361984,2146,PL_BN_books,,,,,,,False
mem,mem,,,,,,,,,http://viaf.org/viaf/302681081,2147,PL_BN_books,,,,,,,False
Świerczyński Jędrzej,Świerczyński,Jędrzej,,,,,,,,http://viaf.org/viaf/302114545,2148,PL_BN_books,,,,,,,False
Ankudowicz Janusz,Ankudowicz,Janusz,1934-07-10T00:00:00Z,1997-02-01T00:00:00Z,https://www.wikidata.org/wiki/Q182436,,https://www.wikidata.org/wiki/Q270,https://www.wikidata.org/wiki/Q8441,https://www.wikidata.org/wiki/Q55388542,http://viaf.org/viaf/12839215,2149,PL_BN_books,Wit Jan|Adamiec Witold,,,,,,False
Józefiak Cezary,Józefiak,Cezary,1932-01-01T00:00:00Z❦1932-07-02T00:00:00Z,2007-01-01T00:00:00Z,https://www.wikidata.org/wiki/Q1227195,https://www.wikidata.org/wiki/Q580,https://www.wikidata.org/wiki/Q270,https://www.wikidata.org/wiki/Q8441,https://www.wikidata.org/wiki/Q9188425,http://viaf.org/viaf/44892465,215,PL_BN_books,,,,,,,False
Adamiec Witold,Adamiec,Witold,1945-08-08T00:00:00Z,2004-01-01T00:00:00Z,,,,https://www.wikidata.org/wiki/Q8441,https://www.wikidata.org/wiki/Q9375578,http://viaf.org/viaf/39788339,2150,PL_BN_books,Wit Jan,,,,,,False
Res Waldemar,Res,Waldemar,,,,,,,,http://viaf.org/viaf/166623708,2151,PL_BN_books,,,,,,,False
Szwarcman- Czarnora Bella,Szwarcman- Czarnora,Bella,1945-09-01T00:00:00Z,,https://www.wikidata.org/wiki/Q4964182|https://www.wikidata.org/wiki/Q876864|https://www.wikidata.org/wiki/Q6051619|https://www.wikidata.org/wiki/Q333634,https://www.wikidata.org/wiki/Q486329,,https://www.wikidata.org/wiki/Q467,https://www.wikidata.org/wiki/Q792460,http://viaf.org/viaf/51134806,2152,PL_BN_books,Bielicka Izabela,,,,,,False
Deja Stanisław,Deja,Stanisław,,,,,,,,http://viaf.org/viaf/101943751,2154,PL_BN_books,,,,,,,False
Cisło Maciej,Cisło,Maciej,1947-07-24T00:00:00Z,,https://www.wikidata.org/wiki/Q49757|https://www.wikidata.org/wiki/Q36180|https://www.wikidata.org/wiki/Q42973|https://www.wikidata.org/wiki/Q333634,https://www.wikidata.org/wiki/Q82765,,https://www.wikidata.org/wiki/Q8441,https://www.wikidata.org/wiki/Q11765313,http://viaf.org/viaf/76374540,2155,PL_BN_books,,,,,,,False
Jarosińska Izabela,Jarosińska,Izabela,,,,,,,,http://viaf.org/viaf/39796136,2157,PL_BN_books,Schumann Izabela,,,,,,False
Handke Monika,Handke,Monika,,,,,,,,http://viaf.org/viaf/167170682,2158,PL_BN_books,,,,,,,False
Conquest Robert,Conquest,Robert,1917-07-15T00:00:00Z,2015-08-03T00:00:00Z,https://www.wikidata.org/wiki/Q201788|https://www.wikidata.org/wiki/Q1650915|https://www.wikidata.org/wiki/Q49757|https://www.wikidata.org/wiki/Q36180|https://www.wikidata.org/wiki/Q876864|https://www.wikidata.org/wiki/Q18844224,https://www.wikidata.org/wiki/Q623323,https://www.wikidata.org/wiki/Q47265,https://www.wikidata.org/wiki/Q8441,https://www.wikidata.org/wiki/Q379628,http://viaf.org/viaf/7388633,2159,PL_BN_books,,,,,,,False
Junosza- Krzyżtoporski Zygmunt,Junosza- Krzyżtoporski,Zygmunt,,,,,,,,http://viaf.org/viaf/306147613,216,PL_BN_books,,,,,,,False
Łańcucka Katarzyna,Łańcucka,Katarzyna,,,,,,,,http://viaf.org/viaf/301783487,2160,PL_BN_books,,,,,,,False
Adamczyk Rudolf,Adamczyk,Rudolf,1905-01-01T00:00:00Z❦1905-04-07T00:00:00Z,1980-01-01T00:00:00Z❦1980-08-24T00:00:00Z,https://www.wikidata.org/wiki/Q42603|https://www.wikidata.org/wiki/Q185351,https://www.wikidata.org/wiki/Q7876772,https://www.wikidata.org/wiki/Q107106,https://www.wikidata.org/wiki/Q8441,https://www.wikidata.org/wiki/Q9323750,http://viaf.org/viaf/53138226,2161,PL_BN_books,,,,,,,False
Bójko Leon,Bójko,Leon,1942-02-18T00:00:00Z,1993-08-01T00:00:00Z,https://www.wikidata.org/wiki/Q1930187,https://www.wikidata.org/wiki/Q761,,https://www.wikidata.org/wiki/Q8441,https://www.wikidata.org/wiki/Q19697868,http://viaf.org/viaf/302450566,2162,PL_BN_books,,,,,,,False
Conrad Joseph,Conrad,Joseph,1857-12-03T00:00:00Z,1924-08-03T00:00:00Z,https://www.wikidata.org/wiki/Q18814623|https://www.wikidata.org/wiki/Q36180|https://www.wikidata.org/wiki/Q28389|https://www.wikidata.org/wiki/Q6625963|https://www.wikidata.org/wiki/Q11774202|https://www.wikidata.org/wiki/Q18844224,https://www.wikidata.org/wiki/Q158799,https://www.wikidata.org/wiki/Q866348,https://www.wikidata.org/wiki/Q8441,https://www.wikidata.org/wiki/Q82925,http://viaf.org/viaf/73862853,2164,PL_BN_books,,,,['Korzeniowski Teodor Józef Konrad'],,,False
Arciszewski Tomasz,Arciszewski,Tomasz,1877-11-04T00:00:00Z,1955-11-20T00:00:00Z,https://www.wikidata.org/wiki/Q7886765|https://www.wikidata.org/wiki/Q82955,https://www.wikidata.org/wiki/Q149059,https://www.wikidata.org/wiki/Q84,https://www.wikidata.org/wiki/Q8441,https://www.wikidata.org/wiki/Q888350,http://viaf.org/viaf/45209842,2165,PL_BN_books,,,,,,,False
Szendzielarz Zygmunt,Szendzielarz,Zygmunt,1910-03-12T00:00:00Z,1951-02-08T00:00:00Z,https://www.wikidata.org/wiki/Q4002659,https://www.wikidata.org/wiki/Q158923,https://www.wikidata.org/wiki/Q270,https://www.wikidata.org/wiki/Q8441,https://www.wikidata.org/wiki/Q3847848,http://viaf.org/viaf/57416443,2166,PL_BN_books,Łupaszko|Łupaszka|Łopaszko,,,,,,False
Corder T. M.,Corder,T. M.,,,,,,,,http://viaf.org/viaf/163237033,2167,PL_BN_books,,,,,,,False
Nowotko Marceli,Nowotko,Marceli,1893-08-08T00:00:00Z,1942-11-28T00:00:00Z,https://www.wikidata.org/wiki/Q82955,https://www.wikidata.org/wiki/Q270,https://www.wikidata.org/wiki/Q270,https://www.wikidata.org/wiki/Q8441,https://www.wikidata.org/wiki/Q828430,http://viaf.org/viaf/32798162,2168,PL_BN_books,,,,,,,False
Mołojec Bolesław,Mołojec,Bolesław,1909-02-09T00:00:00Z,1942-01-01T00:00:00Z,https://www.wikidata.org/wiki/Q82955,https://www.wikidata.org/wiki/Q5731265,https://www.wikidata.org/wiki/Q270,https://www.wikidata.org/wiki/Q8441,https://www.wikidata.org/wiki/Q4939255,http://viaf.org/viaf/38453670,2169,PL_BN_books,,,,,,,False
Jurczykowski Andrzej,Jurczykowski,Andrzej,,,,,,,,http://viaf.org/viaf/302968220,217,PL_BN_books,,,,,,,False
Grzesiak Józef,Grzesiak,Józef,1900-11-11T00:00:00Z,1975-09-18T00:00:00Z,,https://www.wikidata.org/wiki/Q31487,https://www.wikidata.org/wiki/Q1792,https://www.wikidata.org/wiki/Q8441,https://www.wikidata.org/wiki/Q6320506,http://viaf.org/viaf/50033016,2170,PL_BN_books,,,,,,,False
Cotter John,Cotter,John,,,,,,,,http://viaf.org/viaf/249538438,2171,PL_BN_books,,,,,,,False
Pułaski Kazimierz,Pułaski,Kazimierz,1748-03-06T00:00:00Z❦1745-03-04T00:00:00Z❦1745-03-01T00:00:00Z,1779-10-11T00:00:00Z,https://www.wikidata.org/wiki/Q1397808|https://www.wikidata.org/wiki/Q4002659,https://www.wikidata.org/wiki/Q270,https://www.wikidata.org/wiki/Q83813,https://www.wikidata.org/wiki/Q1097630,https://www.wikidata.org/wiki/Q381854,http://viaf.org/viaf/47567480,2172,PL_BN_books,,,,,Puławski Kazimierz,,False
"Marx, Karl",Marx,Karl,1818-05-05T00:00:00Z,1883-03-14T00:00:00Z,https://www.wikidata.org/wiki/Q1930187|https://www.wikidata.org/wiki/Q201788|https://www.wikidata.org/wiki/Q4964182|https://www.wikidata.org/wiki/Q49757|https://www.wikidata.org/wiki/Q2306091|https://www.wikidata.org/wiki/Q82955|https://www.wikidata.org/wiki/Q1227195|https://www.wikidata.org/wiki/Q3242115,https://www.wikidata.org/wiki/Q3138,https://www.wikidata.org/wiki/Q84,https://www.wikidata.org/wiki/Q8441,https://www.wikidata.org/wiki/Q9061,http://viaf.org/viaf/49228757,2173,CZ_books;CZ_articles;PL_BN_books,Glückskind,,,,,,False
Csalog Zsolt,Csalog,Zsolt,1935-11-30T00:00:00Z,1997-07-18T00:00:00Z,https://www.wikidata.org/wiki/Q36180|https://www.wikidata.org/wiki/Q2306091,https://www.wikidata.org/wiki/Q189761,https://www.wikidata.org/wiki/Q1781,https://www.wikidata.org/wiki/Q8441,https://www.wikidata.org/wiki/Q870408,http://viaf.org/viaf/143832500,2174,PL_BN_books,,,,,,,False
"Lenin, Vladimir Il'jič",Lenin,Vladimir Il'jič,1870-04-22T00:00:00Z,1924-01-21T00:00:00Z,https://www.wikidata.org/wiki/Q82955|https://www.wikidata.org/wiki/Q3242115,https://www.wikidata.org/wiki/Q5627,https://www.wikidata.org/wiki/Gorki Leninskije,https://www.wikidata.org/wiki/Q8441,https://www.wikidata.org/wiki/Q1394,http://viaf.org/viaf/7393146,2175,CZ_books;CZ_articles;PL_BN_books,Старик|Ленин|Ильин|К. Тулин|Н. Ленин,,,,,,False
Čukovskaja Lidija Korneevna,Čukovskaja,Lidija Korneevna,1907-03-24T00:00:00Z,1996-02-07T00:00:00Z❦1996-02-08T00:00:00Z,https://www.wikidata.org/wiki/Q4853732|https://www.wikidata.org/wiki/Q4263842|https://www.wikidata.org/wiki/Q49757|https://www.wikidata.org/wiki/Q18939491|https://www.wikidata.org/wiki/Q36180|https://www.wikidata.org/wiki/Q876864|https://www.wikidata.org/wiki/Q12144794,https://www.wikidata.org/wiki/Q656,https://www.wikidata.org/wiki/Q649,https://www.wikidata.org/wiki/Q467,https://www.wikidata.org/wiki/Q433942,http://viaf.org/viaf/95164668,2176,PL_BN_books,Алексей Углов,,,,Czukowska Lidia,,False
"Mickiewicz, Adam",Mickiewicz,Adam,1798-12-24T00:00:00Z,1855-11-26T00:00:00Z,https://www.wikidata.org/wiki/Q49757,https://www.wikidata.org/wiki/Q278743,https://www.wikidata.org/wiki/Q406,https://www.wikidata.org/wiki/Q8441,https://www.wikidata.org/wiki/Q79822,http://viaf.org/viaf/64009368,2177,CZ_books;CZ_articles;PL_BN_books,,,,,,,False
"Gorbačev, Michail Sergejevič",Gorbačev,Michail Sergejevič,1931-03-02T00:00:00Z,,https://www.wikidata.org/wiki/Q3578589|https://www.wikidata.org/wiki/Q82955|https://www.wikidata.org/wiki/Q185351,https://www.wikidata.org/wiki/Q988522,,https://www.wikidata.org/wiki/Q8441,https://www.wikidata.org/wiki/Q30487,http://viaf.org/viaf/97859168,2178,CZ_articles;PL_BN_books,,,,,,,False
Custine Astolphe de,Custine de,Astolphe,1790-03-18T00:00:00Z,1857-09-25T00:00:00Z,https://www.wikidata.org/wiki/Q82955|https://www.wikidata.org/wiki/Q49757|https://www.wikidata.org/wiki/Q36180|https://www.wikidata.org/wiki/Q1344452,https://www.wikidata.org/wiki/Q22205,https://www.wikidata.org/wiki/Q90,https://www.wikidata.org/wiki/Q8441,https://www.wikidata.org/wiki/Q727056,http://viaf.org/viaf/95255917,2179,PL_BN_books,,,,,,,False
Hajnicz Artur,Hajnicz,Artur,1920-01-01T00:00:00Z,2007-05-03T00:00:00Z,https://www.wikidata.org/wiki/Q1930187,https://www.wikidata.org/wiki/Q36036,https://www.wikidata.org/wiki/Q270,https://www.wikidata.org/wiki/Q8441,https://www.wikidata.org/wiki/Q9160629,http://viaf.org/viaf/101892389,218,PL_BN_books,Justyn,,,,,,False
Cywiński Bohdan,Cywiński,Bohdan,1939-08-11T00:00:00Z,,https://www.wikidata.org/wiki/Q4964182|https://www.wikidata.org/wiki/Q201788,https://www.wikidata.org/wiki/Q422283,,https://www.wikidata.org/wiki/Q8441,https://www.wikidata.org/wiki/Q9176104,http://viaf.org/viaf/115226566,2180,CZ_articles;PL_BN_books,,,,,,,False
Czabański Krzysztof,Czabański,Krzysztof,1948-10-04T00:00:00Z,,https://www.wikidata.org/wiki/Q82955|https://www.wikidata.org/wiki/Q1930187,https://www.wikidata.org/wiki/Q270,,https://www.wikidata.org/wiki/Q8441,https://www.wikidata.org/wiki/Q11749155,http://viaf.org/viaf/48088941,2181,PL_BN_books,,,,,,,False
Czapska- Jordan Wanda,Czapska- Jordan,Wanda,,,,,,,,http://viaf.org/viaf/67621620,2183,PL_BN_books,,,,,,,False
Czapski Józef,Czapski,Józef,1893-04-03T00:00:00Z❦1896-04-03T00:00:00Z,1993-01-12T00:00:00Z❦1996-01-12T00:00:00Z,https://www.wikidata.org/wiki/Q1028181|https://www.wikidata.org/wiki/Q11774202|https://www.wikidata.org/wiki/Q36180|https://www.wikidata.org/wiki/Q4263842,https://www.wikidata.org/wiki/Q1085,https://www.wikidata.org/wiki/Q463951,https://www.wikidata.org/wiki/Q8441,https://www.wikidata.org/wiki/Q932390,http://viaf.org/viaf/109898300,2184,CZ_articles;PL_BN_books,,,,,,,False
Ash Timothy Garton,Ash,Timothy Garton,1955-07-12T00:00:00Z,,https://www.wikidata.org/wiki/Q1930187|https://www.wikidata.org/wiki/Q201788|https://www.wikidata.org/wiki/Q36180|https://www.wikidata.org/wiki/Q11774202,https://www.wikidata.org/wiki/Q84,,https://www.wikidata.org/wiki/Q8441,https://www.wikidata.org/wiki/Q311729,http://viaf.org/viaf/32041037,2185,PL_BN_books,Edward Marston,,,,,,False
Czech Jerzy,Czech,Jerzy,1952-01-01T00:00:00Z,,https://www.wikidata.org/wiki/Q49757,https://www.wikidata.org/wiki/Q826068,,https://www.wikidata.org/wiki/Q8441,https://www.wikidata.org/wiki/Q17333985,http://viaf.org/viaf/101851346,2187,PL_BN_books,Poznański Jan,,,,,,False
Czermański Zdzisław,Czermański,Zdzisław,1900-01-01T00:00:00Z,1970-01-27T00:00:00Z,https://www.wikidata.org/wiki/Q483501|https://www.wikidata.org/wiki/Q1028181,,,https://www.wikidata.org/wiki/Q8441,https://www.wikidata.org/wiki/Q9389644,http://viaf.org/viaf/162222808,2188,PL_BN_books,,,,,,,False
Czerwińska Róża,Czerwińska,Róża,,,,,,,,http://viaf.org/viaf/167339257,2189,PL_BN_books,,,,,,,False
Holzman Róża,Holzman,Róża,,,,,,,,http://viaf.org/viaf/167339257,2190,PL_BN_books,Czerwińska Róża,,,,,,False
Czery Krzysztof,Czery,Krzysztof,,,,,,,,http://viaf.org/viaf/302512659,2191,PL_BN_books,,,,,,,False
Czuku Marek,Czuku,Marek,1960-06-19T00:00:00Z,,https://www.wikidata.org/wiki/Q49757,https://www.wikidata.org/wiki/Q580,,https://www.wikidata.org/wiki/Q8441,https://www.wikidata.org/wiki/Q11768088,http://viaf.org/viaf/49640492,2192,PL_BN_books,,,,,,,False
Czuma Hubert,Czuma,Hubert,1930-11-02T00:00:00Z,2019-09-19T00:00:00Z,https://www.wikidata.org/wiki/Q23035816,https://www.wikidata.org/wiki/Q37333,,https://www.wikidata.org/wiki/Q8441,https://www.wikidata.org/wiki/Q11710213,http://viaf.org/viaf/168844316,2193,PL_BN_books,,,,,,,False
Czuma Łukasz,Czuma,Łukasz,1935-06-09T00:00:00Z,2012-05-31T00:00:00Z,https://www.wikidata.org/wiki/Q1227195,https://www.wikidata.org/wiki/Q144786,https://www.wikidata.org/wiki/Q37333,https://www.wikidata.org/wiki/Q8441,https://www.wikidata.org/wiki/Q9394587,http://viaf.org/viaf/163598998,2194,PL_BN_books,,,,,,,False
Czyżewski Marek,Czyżewski,Marek,,,,,,,,http://viaf.org/viaf/32412539,2195,PL_BN_books,,,,,,,False
Czyżyk Jan,Czyżyk,Jan,,,,,,,,http://viaf.org/viaf/302125616,2196,PL_BN_books,,,,,,,False
D'Abernon Edgar Vincent,D'Abernon,Edgar Vincent,1857-08-19T00:00:00Z,1941-11-01T00:00:00Z,https://www.wikidata.org/wiki/Q82955|https://www.wikidata.org/wiki/Q193391|https://www.wikidata.org/wiki/Q2732142|https://www.wikidata.org/wiki/Q36180,https://www.wikidata.org/wiki/Q23346,https://www.wikidata.org/wiki/Q989616,https://www.wikidata.org/wiki/Q8441,https://www.wikidata.org/wiki/Q333342,http://viaf.org/viaf/7536809,2197,PL_BN_books,,,,,,,False
D'Souza Dinesh,D'Souza,Dinesh,1961-04-25T00:00:00Z,,https://www.wikidata.org/wiki/Q1930187|https://www.wikidata.org/wiki/Q36180|https://www.wikidata.org/wiki/Q2526255|https://www.wikidata.org/wiki/Q1238570|https://www.wikidata.org/wiki/Q82955|https://www.wikidata.org/wiki/Q11499163,https://www.wikidata.org/wiki/Q1156,,https://www.wikidata.org/wiki/Q8441,https://www.wikidata.org/wiki/Q1226328,http://viaf.org/viaf/46824975,2198,PL_BN_books,,,,,,,False
Fossedal Gregory A.,Fossedal,Gregory A.,1959-01-01T00:00:00Z,,https://www.wikidata.org/wiki/Q36180,,,https://www.wikidata.org/wiki/Q8441,https://www.wikidata.org/wiki/Q5606911,http://viaf.org/viaf/38274946,2199,PL_BN_books,,,,,,,False
Dahl Roald,Dahl,Roald,1916-09-13T00:00:00Z,1990-11-23T00:00:00Z,https://www.wikidata.org/wiki/Q4853732|https://www.wikidata.org/wiki/Q18814623|https://www.wikidata.org/wiki/Q49757|https://www.wikidata.org/wiki/Q36180|https://www.wikidata.org/wiki/Q618694|https://www.wikidata.org/wiki/Q482980|https://www.wikidata.org/wiki/Q28389|https://www.wikidata.org/wiki/Q6625963|https://www.wikidata.org/wiki/Q15949613,https://www.wikidata.org/wiki/Q1244613,https://www.wikidata.org/wiki/Q34217,https://www.wikidata.org/wiki/Q8441,https://www.wikidata.org/wiki/Q25161,http://viaf.org/viaf/108159131,2200,PL_BN_books,,,,,,,False
Daniel Julij Markovič,Daniel,Julij Markovič,1925-11-15T00:00:00Z,1988-12-30T00:00:00Z,https://www.wikidata.org/wiki/Q49757|https://www.wikidata.org/wiki/Q36180|https://www.wikidata.org/wiki/Q12144794|https://www.wikidata.org/wiki/Q333634|https://www.wikidata.org/wiki/Q18844224,https://www.wikidata.org/wiki/Q649,https://www.wikidata.org/wiki/Q649,https://www.wikidata.org/wiki/Q8441,https://www.wikidata.org/wiki/Q435770,http://viaf.org/viaf/9890201,2201,PL_BN_books,Nikolaj Aržak|Arżak Mikołaj,,,,,,False
Danilewicz- Zielińska Maria,Danilewicz- Zielińska,Maria,1907-05-29T00:00:00Z,2003-05-22T00:00:00Z,https://www.wikidata.org/wiki/Q1930187|https://www.wikidata.org/wiki/Q182436,https://www.wikidata.org/wiki/Q325124,,https://www.wikidata.org/wiki/Q467,https://www.wikidata.org/wiki/Q11768794,http://viaf.org/viaf/92923771,2202,PL_BN_books,,,,,,,False
Daninques Jerome,Daninques,Jerome,,,,,,,,http://viaf.org/viaf/311123361,2203,PL_BN_books,,,,,,,False
Daszyńska Danuta,Daszyńska,Danuta,,,,,,,,http://viaf.org/viaf/301573933,2205,PL_BN_books,,,,,,,False
Daszyński Ignacy,Daszyński,Ignacy,1866-10-26T00:00:00Z,1936-10-31T00:00:00Z,https://www.wikidata.org/wiki/Q82955|https://www.wikidata.org/wiki/Q1930187|https://www.wikidata.org/wiki/Q36180,https://www.wikidata.org/wiki/Q1019899,https://www.wikidata.org/wiki/Q640109,https://www.wikidata.org/wiki/Q8441,https://www.wikidata.org/wiki/Q14430,http://viaf.org/viaf/20479416,2206,PL_BN_books,,,,,,,False
Davies Norman,Davies,Norman,1939-06-08T00:00:00Z,,https://www.wikidata.org/wiki/Q1622272|https://www.wikidata.org/wiki/Q201788,https://www.wikidata.org/wiki/Q184579,,https://www.wikidata.org/wiki/Q8441,https://www.wikidata.org/wiki/Q376303,http://viaf.org/viaf/102370382,2207,PL_BN_books,,,,,,,False
Asimov Isaac,Asimov,Isaac,1920-01-02T00:00:00Z,1992-04-06T00:00:00Z,https://www.wikidata.org/wiki/Q1930187|https://www.wikidata.org/wiki/Q18814623|https://www.wikidata.org/wiki/Q15980158|https://www.wikidata.org/wiki/Q36180|https://www.wikidata.org/wiki/Q2919046|https://www.wikidata.org/wiki/Q12144794|https://www.wikidata.org/wiki/Q3745071|https://www.wikidata.org/wiki/Q1622272|https://www.wikidata.org/wiki/Q901|https://www.wikidata.org/wiki/Q28389|https://www.wikidata.org/wiki/Q6625963|https://www.wikidata.org/wiki/Q18844224,https://www.wikidata.org/wiki/Q1010621,https://www.wikidata.org/wiki/Q11299,https://www.wikidata.org/wiki/Q8441,https://www.wikidata.org/wiki/Q34981,http://viaf.org/viaf/24597135,2208,PL_BN_books,Paul French|H. B. Ogden,,,,Asimow Isaac,,False
Dawidowicz Krzysztof,Dawidowicz,Krzysztof,,,,,,,,http://viaf.org/viaf/164512106,2209,PL_BN_books,,,,,,,False
Dayal Ratneshwar,Dayal,Ratneshwar,,,,,,,,http://viaf.org/viaf/300505587,2210,PL_BN_books,,,,,,,False
Dąbrowski Stanisław,Dąbrowski,Stanisław,,,,,,,,http://viaf.org/viaf/73874324,2211,PL_BN_books,,,,,,,False
Dąbski Jan,Dąbski,Jan,1880-04-10T00:00:00Z,1931-06-05T00:00:00Z,https://www.wikidata.org/wiki/Q82955|https://www.wikidata.org/wiki/Q193391|https://www.wikidata.org/wiki/Q1930187,https://www.wikidata.org/wiki/Q4245721,https://www.wikidata.org/wiki/Q270,https://www.wikidata.org/wiki/Q8441,https://www.wikidata.org/wiki/Q675141,http://viaf.org/viaf/59125467,2212,PL_BN_books,,,,,,,False
Delacroix J.,Delacroix,J.,,,,,,,,http://viaf.org/viaf/101628849,2213,PL_BN_books,,,,,,,False
Dembiński Ludwik,Dembiński,Ludwik,1928-01-28T00:00:00Z,2000-02-05T00:00:00Z,https://www.wikidata.org/wiki/Q2251335,,,https://www.wikidata.org/wiki/Q8441,https://www.wikidata.org/wiki/Q11763719,http://viaf.org/viaf/5014083,2214,CZ_articles;PL_BN_books,,,,,,,False
Didier Stanisław,Didier,Stanisław,,,,,,,,http://viaf.org/viaf/311120866,2215,PL_BN_books,,,,,,,False
Djakov Boris,Djakov,Boris,1902-06-01T00:00:00Z,1992-08-03T00:00:00Z,https://www.wikidata.org/wiki/Q36180,https://www.wikidata.org/wiki/Q3426,https://www.wikidata.org/wiki/Q649,https://www.wikidata.org/wiki/Q8441,https://www.wikidata.org/wiki/Q18634292,http://viaf.org/viaf/77700381,2216,PL_BN_books,,,,,Diakow Borys,,False
Djilas Milovan,Djilas,Milovan,1911-06-12T00:00:00Z,1995-04-20T00:00:00Z,https://www.wikidata.org/wiki/Q36180|https://www.wikidata.org/wiki/Q1238570|https://www.wikidata.org/wiki/Q82955|https://www.wikidata.org/wiki/Q49757|https://www.wikidata.org/wiki/Q168559,https://www.wikidata.org/wiki/Q3393015,https://www.wikidata.org/wiki/Q3711,https://www.wikidata.org/wiki/Q8441,https://www.wikidata.org/wiki/Q153909,http://viaf.org/viaf/89623727,2217,PL_BN_books,,,,,Dżilas Milowan|Dżilas Milovan,,False
Augustyński Zygmunt,Augustyński,Zygmunt,1890-10-04T00:00:00Z,1959-08-26T00:00:00Z,https://www.wikidata.org/wiki/Q1930187,https://www.wikidata.org/wiki/Q7078336,https://www.wikidata.org/wiki/Q270,https://www.wikidata.org/wiki/Q8441,https://www.wikidata.org/wiki/Q7944651,http://viaf.org/viaf/242135623,2218,PL_BN_books,,,,,,,False
Dmowski Roman,Dmowski,Roman,1864-08-09T00:00:00Z,1939-01-02T00:00:00Z,https://www.wikidata.org/wiki/Q82955|https://www.wikidata.org/wiki/Q193391|https://www.wikidata.org/wiki/Q36180,https://www.wikidata.org/wiki/Q6358262,https://www.wikidata.org/wiki/Q2181704,https://www.wikidata.org/wiki/Q8441,https://www.wikidata.org/wiki/Q161590,http://viaf.org/viaf/27093035,2219,PL_BN_books,Wybranowski Kazimierz|Kazimierz Wybranowski|R. Skrzycki,,,,,,False
Kačurovs'kij Igor,Kačurovs'kij,Igor,1918-09-01T00:00:00Z,2013-07-18T00:00:00Z,https://www.wikidata.org/wiki/Q1930187|https://www.wikidata.org/wiki/Q49757|https://www.wikidata.org/wiki/Q36180|https://www.wikidata.org/wiki/Q333634,https://www.wikidata.org/wiki/Q952457,https://www.wikidata.org/wiki/Q1726,https://www.wikidata.org/wiki/Q8441,https://www.wikidata.org/wiki/Q12109214,http://viaf.org/viaf/163227881,222,PL_BN_books,,,,,Kaczurowski Igor,,False
Avtorchanov Abdurachman,Avtorchanov,Abdurachman,1908-10-25T00:00:00Z,1997-02-24T00:00:00Z❦1997-04-24T00:00:00Z,https://www.wikidata.org/wiki/Q1238570|https://www.wikidata.org/wiki/Q1066186|https://www.wikidata.org/wiki/Q201788|https://www.wikidata.org/wiki/Q1238570,https://www.wikidata.org/wiki/Q5187,https://www.wikidata.org/wiki/Q1726,https://www.wikidata.org/wiki/Q8441,https://www.wikidata.org/wiki/Q1967089,http://viaf.org/viaf/108656592,2220,PL_BN_books,,,,,Awtorchanow Abdurachman|Awtarchanow Abdurachman,,False
Doboszyński Adam,Doboszyński,Adam,1904-01-11T00:00:00Z,1949-08-29T00:00:00Z,https://www.wikidata.org/wiki/Q82955,https://www.wikidata.org/wiki/Q31487,https://www.wikidata.org/wiki/Q270,https://www.wikidata.org/wiki/Q8441,https://www.wikidata.org/wiki/Q9139489,http://viaf.org/viaf/49464577,2221,PL_BN_books,,,,,,,False
Dobraczyński Jan,Dobraczyński,Jan,1910-04-20T00:00:00Z❦1910-05-20T00:00:00Z,1994-03-05T00:00:00Z,https://www.wikidata.org/wiki/Q487596|https://www.wikidata.org/wiki/Q82955|https://www.wikidata.org/wiki/Q1930187|https://www.wikidata.org/wiki/Q36180,https://www.wikidata.org/wiki/Q270,https://www.wikidata.org/wiki/Q270,https://www.wikidata.org/wiki/Q8441,https://www.wikidata.org/wiki/Q555570,http://viaf.org/viaf/113555493,2222,PL_BN_books,,,,,,,False
Dobrowolski Tomasz,Dobrowolski,Tomasz,,,,,,,,http://viaf.org/viaf/162426557,2223,PL_BN_books,,,,,,,False
Dolnośląski Bolesław,Dolnośląski,Bolesław,,,,,,,,http://viaf.org/viaf/303731536,2224,PL_BN_books,,,,,,,False
Domagalska Stanisława,Domagalska,Stanisława,1946-07-05T00:00:00Z,2007-06-02T00:00:00Z,https://www.wikidata.org/wiki/Q1930187,https://www.wikidata.org/wiki/Q104740,,https://www.wikidata.org/wiki/Q467,https://www.wikidata.org/wiki/Q9343580,http://viaf.org/viaf/162818253,2225,PL_BN_books,,,,,,,False
Doriot Jacques,Doriot,Jacques,1898-09-26T00:00:00Z,1945-02-22T00:00:00Z,https://www.wikidata.org/wiki/Q82955|https://www.wikidata.org/wiki/Q1930187|https://www.wikidata.org/wiki/Q47064,https://www.wikidata.org/wiki/Q690996,https://www.wikidata.org/wiki/Q82279,https://www.wikidata.org/wiki/Q8441,https://www.wikidata.org/wiki/Q724729,http://viaf.org/viaf/22182940,2226,PL_BN_books,,,,,,,False
Dorn Ludwik,Dorn,Ludwik,1954-06-05T00:00:00Z,,https://www.wikidata.org/wiki/Q7886765|https://www.wikidata.org/wiki/Q82955|https://www.wikidata.org/wiki/Q2306091,https://www.wikidata.org/wiki/Q270,,https://www.wikidata.org/wiki/Q8441,https://www.wikidata.org/wiki/Q55933,http://viaf.org/viaf/107457535,2227,PL_BN_books,,,,,,,False
Dorosz Krzysztof,Dorosz,Krzysztof,1945-01-01T00:00:00Z,,https://www.wikidata.org/wiki/Q1930187|https://www.wikidata.org/wiki/Q36180,,,https://www.wikidata.org/wiki/Q8441,https://www.wikidata.org/wiki/Q11749173,http://viaf.org/viaf/93291462,2228,PL_BN_books,,,,,,,False
Dorycki Jerzy,Dorycki,Jerzy,,,,,,,,http://viaf.org/viaf/2355759,2229,PL_BN_books,,,,,,,False
Kaczmarek Robert,Kaczmarek,Robert,,,,,,,,http://viaf.org/viaf/162226473,223,PL_BN_books,,,,,,,False
Drewnowski Jan,Drewnowski,Jan,1908-01-30T00:00:00Z,2000-12-16T00:00:00Z,https://www.wikidata.org/wiki/Q1227195,,,https://www.wikidata.org/wiki/Q8441,https://www.wikidata.org/wiki/Q11717334,http://viaf.org/viaf/102386793,2230,PL_BN_books,,,,,,,False
Drwal Tadeusz Wojciech,Drwal,Tadeusz Wojciech,,,,,,,,http://viaf.org/viaf/297821673,2231,PL_BN_books,,,,,,,False
Drygalski Jerzy,Drygalski,Jerzy,1948-09-19T00:00:00Z,2018-09-05T00:00:00Z,https://www.wikidata.org/wiki/Q1227195,https://www.wikidata.org/wiki/Q580,https://www.wikidata.org/wiki/Q270,https://www.wikidata.org/wiki/Q8441,https://www.wikidata.org/wiki/Q11724544,http://viaf.org/viaf/48439251,2232,PL_BN_books,,,,,,,False
Kwaśniewski Jacek,Kwaśniewski,Jacek,,,,,,,,http://viaf.org/viaf/101749390,2233,PL_BN_books,,,,,,,False
Duchiński Tadeusz,Duchiński,Tadeusz,,,,,,,,http://viaf.org/viaf/289380234,2234,PL_BN_books,,,,,,,False
Świnarski Adam,Świnarski,Adam,,,,,,,,http://viaf.org/viaf/285824148,2235,PL_BN_books,,,,,,,False
Lenkiewicz Antoni,Lenkiewicz,Antoni,1934-01-01T00:00:00Z,,https://www.wikidata.org/wiki/Q201788,https://www.wikidata.org/wiki/Q461287,,https://www.wikidata.org/wiki/Q8441,https://www.wikidata.org/wiki/Q9157031,http://viaf.org/viaf/101747261,2236,PL_BN_books,,,,,,,False
Duda- Gwiazda Joanna,Duda- Gwiazda,Joanna,1939-10-11T00:00:00Z,,https://www.wikidata.org/wiki/Q7886765|https://www.wikidata.org/wiki/Q1930187,https://www.wikidata.org/wiki/Q849116,,https://www.wikidata.org/wiki/Q467,https://www.wikidata.org/wiki/Q11727404,http://viaf.org/viaf/86415644,2237,PL_BN_books,,,,,,,False
Dunajski Antoni,Dunajski,Antoni,,,,,,,,http://viaf.org/viaf/49283442,2238,PL_BN_books,,,,,,,False
Duras Marguerite,Duras,Marguerite,1914-04-04T00:00:00Z,1996-03-03T00:00:00Z,https://www.wikidata.org/wiki/Q487596|https://www.wikidata.org/wiki/Q18814623|https://www.wikidata.org/wiki/Q1930187|https://www.wikidata.org/wiki/Q4964182|https://www.wikidata.org/wiki/Q2085381|https://www.wikidata.org/wiki/Q34074720|https://www.wikidata.org/wiki/Q2526255|https://www.wikidata.org/wiki/Q36180|https://www.wikidata.org/wiki/Q482980|https://www.wikidata.org/wiki/Q28389|https://www.wikidata.org/wiki/Q49757|https://www.wikidata.org/wiki/Q6625963,https://www.wikidata.org/wiki/Q2681546,https://www.wikidata.org/wiki/Q245546,https://www.wikidata.org/wiki/Q467,https://www.wikidata.org/wiki/Q153248,http://viaf.org/viaf/97785734,2239,PL_BN_books,Marguerite Duras,,,,,,False
Kaczmarski Jacek,Kaczmarski,Jacek,1957-03-22T00:00:00Z,2004-04-10T00:00:00Z,https://www.wikidata.org/wiki/Q55960555|https://www.wikidata.org/wiki/Q49757|https://www.wikidata.org/wiki/Q36180|https://www.wikidata.org/wiki/Q177220|https://www.wikidata.org/wiki/Q753110|https://www.wikidata.org/wiki/Q36834,https://www.wikidata.org/wiki/Q270,https://www.wikidata.org/wiki/Q1792,https://www.wikidata.org/wiki/Q8441,https://www.wikidata.org/wiki/Q561127,http://viaf.org/viaf/73863892,224,CZ_books;PL_BN_books,,,,,,,False
Dürrenmatt Friedrich,Dürrenmatt,Friedrich,1921-01-05T00:00:00Z,1990-12-14T00:00:00Z,https://www.wikidata.org/wiki/Q487596|https://www.wikidata.org/wiki/Q1028181|https://www.wikidata.org/wiki/Q627325|https://www.wikidata.org/wiki/Q49757|https://www.wikidata.org/wiki/Q36180|https://www.wikidata.org/wiki/Q482980|https://www.wikidata.org/wiki/Q28389,https://www.wikidata.org/wiki/Q66211,https://www.wikidata.org/wiki/Q69345,https://www.wikidata.org/wiki/Q8441,https://www.wikidata.org/wiki/Q23481,http://viaf.org/viaf/64004790,2240,PL_BN_books,,,,,,,False
Duszak Marek,Duszak,Marek,1949,,,,,,,http://viaf.org/viaf/102006089,2241,PL_BN_books,,,,,,,False
Dybczyński Tadeusz,Dybczyński,Tadeusz,1886-01-12T00:00:00Z,1944-09-13T00:00:00Z,https://www.wikidata.org/wiki/Q901402|https://www.wikidata.org/wiki/Q36180,https://www.wikidata.org/wiki/Q270,https://www.wikidata.org/wiki/Q270,https://www.wikidata.org/wiki/Q8441,https://www.wikidata.org/wiki/Q9354208,http://viaf.org/viaf/102008527,2242,PL_BN_books,,,,,,,False
"Pawlak, Antoni",Pawlak,Antoni,1949-10-18T00:00:00Z,,https://www.wikidata.org/wiki/Q82955|https://www.wikidata.org/wiki/Q49757,https://www.wikidata.org/wiki/Q268,,https://www.wikidata.org/wiki/Q8441,https://www.wikidata.org/wiki/Q11753461,http://viaf.org/viaf/101758188,2243,CZ_books;PL_BN_books,,,,,,,False
Dynowska Wanda,Dynowska,Wanda,1888-06-30T00:00:00Z,1971-03-20T00:00:00Z,https://www.wikidata.org/wiki/Q36180|https://www.wikidata.org/wiki/Q333634,https://www.wikidata.org/wiki/Q656,https://www.wikidata.org/wiki/Q10086,https://www.wikidata.org/wiki/Q467,https://www.wikidata.org/wiki/Q3848345,http://viaf.org/viaf/37796826,2244,PL_BN_books,,,,,,,False
Dzieduszycki Jan,Dzieduszycki,Jan,,,,,,,,http://viaf.org/viaf/19521411,2245,PL_BN_books,,,,,,,False
Dzielski Mirosław,Dzielski,Mirosław,1941-01-01T00:00:00Z❦1941-11-14T00:00:00Z,1989-01-01T00:00:00Z,https://www.wikidata.org/wiki/Q82955|https://www.wikidata.org/wiki/Q4964182,https://www.wikidata.org/wiki/Q815903,https://www.wikidata.org/wiki/Q584451,https://www.wikidata.org/wiki/Q8441,https://www.wikidata.org/wiki/Q6874334,http://viaf.org/viaf/77446503,2246,PL_BN_books,Romański Adolf,,,,,,False
Dzierżek Stefan,Dzierżek,Stefan,1913-09-23T00:00:00Z,2005-08-03T00:00:00Z,https://www.wikidata.org/wiki/Q250867,https://www.wikidata.org/wiki/Q7665030,https://www.wikidata.org/wiki/Q52842,https://www.wikidata.org/wiki/Q8441,https://www.wikidata.org/wiki/Q9344965,http://viaf.org/viaf/166773166,2247,PL_BN_books,,,,,,,False
Dziewanowski Kazimierz,Dziewanowski,Kazimierz,1930-11-07T00:00:00Z,1998-08-20T00:00:00Z,https://www.wikidata.org/wiki/Q1930187|https://www.wikidata.org/wiki/Q193391,https://www.wikidata.org/wiki/Q270,https://www.wikidata.org/wiki/Q985005,https://www.wikidata.org/wiki/Q8441,https://www.wikidata.org/wiki/Q11737828,http://viaf.org/viaf/39789089,2248,PL_BN_books,,,,,,,False
Eckart Dietrich,Eckart,Dietrich,1868-03-23T00:00:00Z,1923-12-26T00:00:00Z,https://www.wikidata.org/wiki/Q487596|https://www.wikidata.org/wiki/Q1930187|https://www.wikidata.org/wiki/Q876864|https://www.wikidata.org/wiki/Q49757|https://www.wikidata.org/wiki/Q36180|https://www.wikidata.org/wiki/Q82955,https://www.wikidata.org/wiki/Q14887,https://www.wikidata.org/wiki/Q278221,https://www.wikidata.org/wiki/Q8441,https://www.wikidata.org/wiki/Q60259,http://viaf.org/viaf/8181682,2249,PL_BN_books,,,,,,,False
Kaden- Bandrowski Juliusz,Kaden- Bandrowski,Juliusz,1885-02-24T00:00:00Z,1944-08-08T00:00:00Z,https://www.wikidata.org/wiki/Q1930187|https://www.wikidata.org/wiki/Q36180|https://www.wikidata.org/wiki/Q12144794|https://www.wikidata.org/wiki/Q482980|https://www.wikidata.org/wiki/Q6051619,https://www.wikidata.org/wiki/Q598,https://www.wikidata.org/wiki/Q270,https://www.wikidata.org/wiki/Q8441,https://www.wikidata.org/wiki/Q724811,http://viaf.org/viaf/12338078,225,PL_BN_books,,,,,,,False
Edelman Marek,Edelman,Marek,1919-01-01T00:00:00Z,2009-10-02T00:00:00Z,https://www.wikidata.org/wiki/Q3264451|https://www.wikidata.org/wiki/Q7886765|https://www.wikidata.org/wiki/Q82955,https://www.wikidata.org/wiki/Q2678,https://www.wikidata.org/wiki/Q270,https://www.wikidata.org/wiki/Q8441,https://www.wikidata.org/wiki/Q160817,http://viaf.org/viaf/78769980,2250,CZ_articles;PL_BN_books,,,,,,,False
Eger Feliksa,Eger,Feliksa,1835-01-01T00:00:00Z,1908-01-01T00:00:00Z,https://www.wikidata.org/wiki/Q201788|https://www.wikidata.org/wiki/Q182436,https://www.wikidata.org/wiki/Q672964,,https://www.wikidata.org/wiki/Q467,https://www.wikidata.org/wiki/Q29016540,http://viaf.org/viaf/164412760,2251,PL_BN_books,,,,,,,False
Ehrlich Stanisław,Ehrlich,Stanisław,1907-10-27T00:00:00Z,1997-10-02T00:00:00Z,https://www.wikidata.org/wiki/Q1650915,https://www.wikidata.org/wiki/Q208473,https://www.wikidata.org/wiki/Q270,https://www.wikidata.org/wiki/Q8441,https://www.wikidata.org/wiki/Q9341874,http://viaf.org/viaf/93424615,2252,PL_BN_books,,,,,,,False
Ellul Jacques,Ellul,Jacques,1912-01-06T00:00:00Z,1994-05-19T00:00:00Z,https://www.wikidata.org/wiki/Q4964182|https://www.wikidata.org/wiki/Q36180|https://www.wikidata.org/wiki/Q2306091|https://www.wikidata.org/wiki/Q1397808|https://www.wikidata.org/wiki/Q1622272|https://www.wikidata.org/wiki/Q1234713,https://www.wikidata.org/wiki/Q1479,https://www.wikidata.org/wiki/Q207156,https://www.wikidata.org/wiki/Q8441,https://www.wikidata.org/wiki/Q322922,http://viaf.org/viaf/56609314,2254,PL_BN_books,,,,,,,False
Enel,Enel,,1883-05-06T00:00:00Z,1963-11-06T00:00:00Z,https://www.wikidata.org/wiki/Q36180|https://www.wikidata.org/wiki/Q1350189|https://www.wikidata.org/wiki/Q12797895,,https://www.wikidata.org/wiki/Q688497,https://www.wikidata.org/wiki/Q8441,https://www.wikidata.org/wiki/Q15077527,http://viaf.org/viaf/50702801,2255,PL_BN_books,Enel,,,,,,False
Enen,Enen,,,,,,,,,http://viaf.org/viaf/311120819,2256,PL_BN_books,,,,,,,False
Engelgard Jan,Engelgard,Jan,1957-12-02T00:00:00Z,,https://www.wikidata.org/wiki/Q82955,https://www.wikidata.org/wiki/Q1001322,,https://www.wikidata.org/wiki/Q8441,https://www.wikidata.org/wiki/Q11717407,http://viaf.org/viaf/31309353,2257,PL_BN_books,,,,,,,False
Erdman Jan,Erdman,Jan,1906,1986,,,,,,http://viaf.org/viaf/164584137,2258,PL_BN_books,,,,,,,False
Erofeev Venedikt,Erofeev,Venedikt,1938-10-24T00:00:00Z,1990-05-11T00:00:00Z,https://www.wikidata.org/wiki/Q36180,https://www.wikidata.org/wiki/Q144264,https://www.wikidata.org/wiki/Q649,https://www.wikidata.org/wiki/Q8441,https://www.wikidata.org/wiki/Q366503,http://viaf.org/viaf/100252096,2259,PL_BN_books,,,,,Jerofiejew Wieniedikt,,False
Esden- Tempski Stanisław,Esden- Tempski,Stanisław,1952-07-24T00:00:00Z,,https://www.wikidata.org/wiki/Q49757,https://www.wikidata.org/wiki/Q1792,,https://www.wikidata.org/wiki/Q8441,https://www.wikidata.org/wiki/Q24247582,http://viaf.org/viaf/84129327,2260,PL_BN_books,,,,,,,False
Eysymontt Jerzy,Eysymontt,Jerzy,1937-06-26T00:00:00Z,2005-09-23T00:00:00Z,https://www.wikidata.org/wiki/Q462390|https://www.wikidata.org/wiki/Q82955,https://www.wikidata.org/wiki/Q7550,https://www.wikidata.org/wiki/Q270,https://www.wikidata.org/wiki/Q8441,https://www.wikidata.org/wiki/Q11724574,http://viaf.org/viaf/40682271,2261,PL_BN_books,Jur,,,,,,False
Fajnberg Viktor,Fajnberg,Viktor,1931-11-26T00:00:00Z,,https://www.wikidata.org/wiki/Q1476215|https://www.wikidata.org/wiki/Q181043,https://www.wikidata.org/wiki/Q42308,,https://www.wikidata.org/wiki/Q8441,https://www.wikidata.org/wiki/Q3557295,http://viaf.org/viaf/162414122,2262,PL_BN_books,,,,,Fainberg Wiktor,,False
Walczak Tadeusz,Walczak,Tadeusz,,,,,,,,http://viaf.org/viaf/164002701,2263,PL_BN_books,,,,,,,False
Fallenbüchl Zbigniew Marian,Fallenbüchl,Zbigniew Marian,,,,,,,,http://viaf.org/viaf/61559745,2264,PL_BN_books,,,,,Falenbüchl Zbigniew,,False
"Falkiewicz, Andrzej",Falkiewicz,Andrzej,1929-12-05T00:00:00Z,2010-06-22T00:00:00Z❦2010-07-22T00:00:00Z,https://www.wikidata.org/wiki/Q49757,https://www.wikidata.org/wiki/Q268,https://www.wikidata.org/wiki/Q50978,https://www.wikidata.org/wiki/Q8441,https://www.wikidata.org/wiki/Q9151961,http://viaf.org/viaf/79078054,2266,CZ_articles;PL_BN_books,,,,,,,False
"Fallaci, Oriana",Fallaci,Oriana,1929-06-29T00:00:00Z,2006-09-15T00:00:00Z,https://www.wikidata.org/wiki/Q1930187|https://www.wikidata.org/wiki/Q19831149|https://www.wikidata.org/wiki/Q36180|https://www.wikidata.org/wiki/Q164236|https://www.wikidata.org/wiki/Q82955,https://www.wikidata.org/wiki/Q2044,https://www.wikidata.org/wiki/Q2044,https://www.wikidata.org/wiki/Q467,https://www.wikidata.org/wiki/Q153700,http://viaf.org/viaf/27064159,2267,CZ_books;PL_BN_books,,,,,,,False
"Wałęsa, Lech",Wałęsa,Lech,1943-09-29T00:00:00Z,,https://www.wikidata.org/wiki/Q7886765|https://www.wikidata.org/wiki/Q82955|https://www.wikidata.org/wiki/Q181043|https://www.wikidata.org/wiki/Q1227195|https://www.wikidata.org/wiki/Q165029,https://www.wikidata.org/wiki/Q4700601,,https://www.wikidata.org/wiki/Q8441,https://www.wikidata.org/wiki/Q444,http://viaf.org/viaf/109834327,2268,CZ_articles;PL_BN_books,,,,,,,False
Faustyna Kowalska,Faustyna Kowalska,Faustyna Kowalska,1905-08-25T00:00:00Z,1938-10-05T00:00:00Z,https://www.wikidata.org/wiki/Q191808,https://www.wikidata.org/wiki/Q3124619,https://www.wikidata.org/wiki/Q31487,https://www.wikidata.org/wiki/Q467,https://www.wikidata.org/wiki/Q18978,http://viaf.org/viaf/95196353,2269,CZ_books;PL_BN_books,,"['svatá,']",,,"svatá,",,False
Kajot,Kajot,,,,,,,,,http://viaf.org/viaf/301524288,227,PL_BN_books,,,,,,,False
Fedorowicz Jacek,Fedorowicz,Jacek,1937-07-18T00:00:00Z,,https://www.wikidata.org/wiki/Q33999|https://www.wikidata.org/wiki/Q33999|https://www.wikidata.org/wiki/Q9334029|https://www.wikidata.org/wiki/Q33999,https://www.wikidata.org/wiki/Q385,,https://www.wikidata.org/wiki/Q8441,https://www.wikidata.org/wiki/Q55376,http://viaf.org/viaf/12340439,2270,CZ_articles;PL_BN_books,,,,,,,False
Fejtö François,Fejtö,François,1909-08-31T00:00:00Z,2008-06-02T00:00:00Z,https://www.wikidata.org/wiki/Q1930187|https://www.wikidata.org/wiki/Q201788|https://www.wikidata.org/wiki/Q36180|https://www.wikidata.org/wiki/Q1238570|https://www.wikidata.org/wiki/Q6430706,https://www.wikidata.org/wiki/Q14424,https://www.wikidata.org/wiki/Q90,https://www.wikidata.org/wiki/Q8441,https://www.wikidata.org/wiki/Q701587,http://viaf.org/viaf/29533784,2271,PL_BN_books,,,,,,,False
Feldman Wilhelm,Feldman,Wilhelm,1868-04-08T00:00:00Z,1919-10-25T00:00:00Z,https://www.wikidata.org/wiki/Q36180|https://www.wikidata.org/wiki/Q1930187|https://www.wikidata.org/wiki/Q6051619,https://www.wikidata.org/wiki/Q1019899,https://www.wikidata.org/wiki/Q31487,https://www.wikidata.org/wiki/Q8441,https://www.wikidata.org/wiki/Q1981094,http://viaf.org/viaf/15570212,2272,PL_BN_books,,,,,,,False
Ferens Wanda,Ferens,Wanda,,,,,,,,http://viaf.org/viaf/6512453,2273,PL_BN_books,,,,,,,False
Ficowski Jerzy,Ficowski,Jerzy,1924-09-04T00:00:00Z❦1924-10-04T00:00:00Z,2006-05-09T00:00:00Z,https://www.wikidata.org/wiki/Q49757|https://www.wikidata.org/wiki/Q36180|https://www.wikidata.org/wiki/Q14467526|https://www.wikidata.org/wiki/Q333634,https://www.wikidata.org/wiki/Q270,https://www.wikidata.org/wiki/Q270,https://www.wikidata.org/wiki/Q8441,https://www.wikidata.org/wiki/Q540908,http://viaf.org/viaf/64005552,2274,CZ_books;CZ_articles;PL_BN_books,Komięga Marcin,,,,,,False
Fijałka Michał,Fijałka,Michał,1915-10-05T00:00:00Z,1983-09-20T00:00:00Z,https://www.wikidata.org/wiki/Q2066131,https://www.wikidata.org/wiki/Q5191976,https://www.wikidata.org/wiki/Q37333,https://www.wikidata.org/wiki/Q8441,https://www.wikidata.org/wiki/Q11778732,http://viaf.org/viaf/60186191,2276,PL_BN_books,,,,,,,False
Fikus Dariusz,Fikus,Dariusz,1932-12-11T00:00:00Z,1996-03-02T00:00:00Z,https://www.wikidata.org/wiki/Q1930187,https://www.wikidata.org/wiki/Q268,https://www.wikidata.org/wiki/Q774098,https://www.wikidata.org/wiki/Q8441,https://www.wikidata.org/wiki/Q11692943,http://viaf.org/viaf/115787643,2277,PL_BN_books,,,,,,,False
Filipowicz Kornel,Filipowicz,Kornel,1913-10-27T00:00:00Z,1990-02-28T00:00:00Z,https://www.wikidata.org/wiki/Q49757|https://www.wikidata.org/wiki/Q36180|https://www.wikidata.org/wiki/Q12144794|https://www.wikidata.org/wiki/Q482980|https://www.wikidata.org/wiki/Q28389,https://www.wikidata.org/wiki/Q156743,https://www.wikidata.org/wiki/Q31487,https://www.wikidata.org/wiki/Q8441,https://www.wikidata.org/wiki/Q828373,http://viaf.org/viaf/24618056,2278,PL_BN_books,,,,,,,False
Fink Ida,Fink,Ida,1921-11-01T00:00:00Z,2011-09-27T00:00:00Z,https://www.wikidata.org/wiki/Q36180,https://www.wikidata.org/wiki/Q1019899,https://www.wikidata.org/wiki/Q33935,https://www.wikidata.org/wiki/Q467,https://www.wikidata.org/wiki/Q289391,http://viaf.org/viaf/59098117,2279,PL_BN_books,,,,,,,False
Fištejn Efim,Fištejn,Efim,,,,,,,,http://viaf.org/viaf/249753943,2280,PL_BN_books,,,,,Fisztejn Jefim,,False
Flis Andrzej,Flis,Andrzej,1953-02-04T00:00:00Z,2009-05-10T00:00:00Z,https://www.wikidata.org/wiki/Q4773904|https://www.wikidata.org/wiki/Q2306091,,,https://www.wikidata.org/wiki/Q8441,https://www.wikidata.org/wiki/Q9151991,http://viaf.org/viaf/10257362,2281,PL_BN_books,,,,,,,False
Forsyth Frederick,Forsyth,Frederick,1938-08-25T00:00:00Z,,https://www.wikidata.org/wiki/Q1930187|https://www.wikidata.org/wiki/Q36180|https://www.wikidata.org/wiki/Q28389|https://www.wikidata.org/wiki/Q2095549|https://www.wikidata.org/wiki/Q6625963|https://www.wikidata.org/wiki/Q18190897|https://www.wikidata.org/wiki/Q9352089,https://www.wikidata.org/wiki/Q725261,,https://www.wikidata.org/wiki/Q8441,https://www.wikidata.org/wiki/Q249197,http://viaf.org/viaf/108216096,2282,PL_BN_books,,,,,,,False
Foy Nancy,Foy,Nancy,,,,,,,,http://viaf.org/viaf/8932162422760632460007,2283,PL_BN_books,,,,,,,False
Gadon Herman,Gadon,Herman,,,,,,,,http://viaf.org/viaf/166624145,2284,PL_BN_books,,,,,,,False
Franek,Franek,,,,,,,,,http://viaf.org/viaf/302112916,2285,PL_BN_books,,,,,,,False
Frantz Günther,Frantz,Günther,,,,,,,,http://viaf.org/viaf/379164,2286,PL_BN_books,,,,,,,False
Fraser Hamish,Fraser,Hamish,1913-08-16T00:00:00Z,1986-10-17T00:00:00Z,https://www.wikidata.org/wiki/Q1930187|https://www.wikidata.org/wiki/Q47064,,,https://www.wikidata.org/wiki/Q8441,https://www.wikidata.org/wiki/Q61819982,http://viaf.org/viaf/213109052,2287,PL_BN_books,,,,,,,False
"Frasyniuk, Władysław",Frasyniuk,Władysław,1954-11-25T00:00:00Z,,https://www.wikidata.org/wiki/Q7886765|https://www.wikidata.org/wiki/Q82955,https://www.wikidata.org/wiki/Q1799,,https://www.wikidata.org/wiki/Q8441,https://www.wikidata.org/wiki/Q733556,http://viaf.org/viaf/262190772,2288,CZ_articles;PL_BN_books,,,,,,,False
Frazes Jakub,Frazes,Jakub,,,,,,,,http://viaf.org/viaf/301395086,2289,PL_BN_books,,,,,,,False
Gancewicz Władysław,Gancewicz,Władysław,,,,,,,,http://viaf.org/viaf/39795515,23,PL_BN_books,,,,,,,False
Kallenbach Józef,Kallenbach,Józef,1861-11-24T00:00:00Z,1929-09-14T00:00:00Z❦1929-09-12T00:00:00Z,https://www.wikidata.org/wiki/Q901|https://www.wikidata.org/wiki/Q182436,https://www.wikidata.org/wiki/Q193965,https://www.wikidata.org/wiki/Q31487,https://www.wikidata.org/wiki/Q8441,https://www.wikidata.org/wiki/Q2623752,http://viaf.org/viaf/45965837,230,PL_BN_books,,,,,,,False
"Marečková, Lenka",,,1963-06-03T00:00:00Z,,https://www.wikidata.org/wiki/Q185351,https://www.wikidata.org/wiki/Q1632616,,https://www.wikidata.org/wiki/Q467,https://www.wikidata.org/wiki/Q87051175,http://viaf.org/viaf/78979335,2303,PL_BezCenzury_articles,,,,,,,False
"Vohryzek, Josef",,,1926-05-17T00:00:00Z,,https://www.wikidata.org/wiki/Q876864|https://www.wikidata.org/wiki/Q36180|https://www.wikidata.org/wiki/Q333634|https://www.wikidata.org/wiki/Q4263842,https://www.wikidata.org/wiki/Q1085,https://www.wikidata.org/wiki/Q1085,https://www.wikidata.org/wiki/Q8441,https://www.wikidata.org/wiki/Q52813936,http://viaf.org/viaf/14762538,2306,PL_BezCenzury_articles,,,,,,,False
Kalota- Szymańska Maria,Kalota- Szymańska,Maria,1926-10-08T00:00:00Z,2011-07-23T00:00:00Z,https://www.wikidata.org/wiki/Q49757|https://www.wikidata.org/wiki/Q36180,,,https://www.wikidata.org/wiki/Q467,https://www.wikidata.org/wiki/Q11768937,http://viaf.org/viaf/101727444,231,PL_BN_books,,,,,,,False
Kalwarczyk Grzegorz,Kalwarczyk,Grzegorz,,,,,,,,http://viaf.org/viaf/61177162,233,PL_BN_books,Jankowski Janusz,,,,,,False
Kamar J.,Kamar,J.,,,,,,,,http://viaf.org/viaf/249549944,234,PL_BN_books,,,,,,,False
Marer Paul,Marer,Paul,1936,,,,,,,http://viaf.org/viaf/59164408,235,PL_BN_books,,,,,,,False
Kamil Krzysztof,Kamil,Krzysztof,,,,,,,,http://viaf.org/viaf/301689448,237,PL_BN_books,,,,,,,False
Kamiński Aleksander,Kamiński,Aleksander,1903-01-28T00:00:00Z,1978-03-15T00:00:00Z,https://www.wikidata.org/wiki/Q201788,https://www.wikidata.org/wiki/Q270,https://www.wikidata.org/wiki/Q270,https://www.wikidata.org/wiki/Q8441,https://www.wikidata.org/wiki/Q1274205,http://viaf.org/viaf/88996748,238,PL_BN_books,Górecki Juliusz;,,,,,,False
"Garczarek, Andrzej",Garczarek,Andrzej,1947-01-01T00:00:00Z,,https://www.wikidata.org/wiki/Q49757,,,https://www.wikidata.org/wiki/Q8441,https://www.wikidata.org/wiki/Q9152035,http://viaf.org/viaf/71809693,24,CZ_articles;PL_BN_books,,,,,,,False
Kamiński Stefan,Kamiński,Stefan,,,,,,,,http://viaf.org/viaf/5147422851544880105,241,PL_BN_books,,,,,,,False
"Ruml, Jiři",,,1925-07-08T00:00:00Z,,https://www.wikidata.org/wiki/Q82955|https://www.wikidata.org/wiki/Q1930187|https://www.wikidata.org/wiki/Q36180,https://www.wikidata.org/wiki/Q43453,https://www.wikidata.org/wiki/Q1085,https://www.wikidata.org/wiki/Q8441,https://www.wikidata.org/wiki/Q11727272,http://viaf.org/viaf/12720152,2436,PL_BezCenzury_articles,,,,,,,False
Kancler- Żeleńska Ewa,Kancler- Żeleńska,Ewa,,,,,,,,http://viaf.org/viaf/303883059,244,PL_BN_books,,,,,,,False
Kania Wojciech,Kania,Wojciech,1911-04-18T00:00:00Z,2000-12-04T00:00:00Z,,https://www.wikidata.org/wiki/Q195323,,https://www.wikidata.org/wiki/Q8441,https://www.wikidata.org/wiki/Q104862374,http://viaf.org/viaf/88766207,245,PL_BN_books,,,,,,,False
"Merta, Vladimír",,,1946-01-20T00:00:00Z,,https://www.wikidata.org/wiki/Q49757|https://www.wikidata.org/wiki/Q2526255|https://www.wikidata.org/wiki/Q177220|https://www.wikidata.org/wiki/Q753110|https://www.wikidata.org/wiki/Q36834|https://www.wikidata.org/wiki/Q33231,https://www.wikidata.org/wiki/Q1085,,https://www.wikidata.org/wiki/Q8441,https://www.wikidata.org/wiki/Q7938819,http://viaf.org/viaf/27476318,2466,PL_BezCenzury_articles,,,,,,,False
"Pawlak, Antoni",Pawlak,Antoni,1937-02-19T00:00:00Z,,https://www.wikidata.org/wiki/Q49757|https://www.wikidata.org/wiki/Q4263842,https://www.wikidata.org/wiki/Q270,,https://www.wikidata.org/wiki/Q8441,https://www.wikidata.org/wiki/Q11749331,http://viaf.org/viaf/17253449,247,CZ_books;PL_BN_books,,,,,,,False
Karliński Zygmunt,Karliński,Zygmunt,,,,,,,,http://viaf.org/viaf/101736591,248,PL_BN_books,,,,,,,False
Karpiński Jakub,Karpiński Karpiński Jakub,Jakub,1940-06-17T00:00:00Z,2003-03-22T00:00:00Z,https://www.wikidata.org/wiki/Q201788|https://www.wikidata.org/wiki/Q2306091|https://www.wikidata.org/wiki/Q1238570,https://www.wikidata.org/wiki/Q270,https://www.wikidata.org/wiki/Q270,https://www.wikidata.org/wiki/Q8441,https://www.wikidata.org/wiki/Q370721,http://viaf.org/viaf/118612270,249,CZ_articles;PL_BN_books,Marek Tarniewski|Tarniewski Marek,,,,Tarniewski Maciej,,False
Garder Michel,Garder,Michel,1916-10-20T00:00:00Z,1993-05-03T00:00:00Z,https://www.wikidata.org/wiki/Q36180,https://www.wikidata.org/wiki/Q5332,https://www.wikidata.org/wiki/Q90,https://www.wikidata.org/wiki/Q8441,https://www.wikidata.org/wiki/Q6836397,http://viaf.org/viaf/24650872,25,PL_BN_books,,,,,,,False
Karpiński Marek,Karpiński,Marek,1948-07-15T00:00:00Z,,https://www.wikidata.org/wiki/Q1930187,https://www.wikidata.org/wiki/Q270,,https://www.wikidata.org/wiki/Q8441,https://www.wikidata.org/wiki/Q16574626,http://viaf.org/viaf/212180880,250,PL_BN_books,,,,,,,False
"Hejdánek, Ladislav",,,1927-05-10T00:00:00Z,,https://www.wikidata.org/wiki/Q1622272|https://www.wikidata.org/wiki/Q4964182,https://www.wikidata.org/wiki/Q1085,https://www.wikidata.org/wiki/Q1085,https://www.wikidata.org/wiki/Q8441,https://www.wikidata.org/wiki/Q3489572,http://viaf.org/viaf/823424,2519,PL_BezCenzury_articles,,,,,,,False
Karpiński Wojciech,Karpiński,Wojciech,1943-05-11T00:00:00Z,2020-08-18T00:00:00Z,https://www.wikidata.org/wiki/Q4263842|https://www.wikidata.org/wiki/Q4964182|https://www.wikidata.org/wiki/Q18939491|https://www.wikidata.org/wiki/Q1792450|https://www.wikidata.org/wiki/Q4164507,https://www.wikidata.org/wiki/Q270,https://www.wikidata.org/wiki/Q175129,https://www.wikidata.org/wiki/Q8441,https://www.wikidata.org/wiki/Q9376577,http://viaf.org/viaf/107526380,252,CZ_books;PL_BN_books,Mielnicki Zenon,,,,,,False
Karpiński Wojciech,Karpiński,Wojciech,1943-05-11T00:00:00Z,2020-08-18T00:00:00Z,https://www.wikidata.org/wiki/Q4263842|https://www.wikidata.org/wiki/Q4964182|https://www.wikidata.org/wiki/Q18939491|https://www.wikidata.org/wiki/Q1792450|https://www.wikidata.org/wiki/Q4164507,https://www.wikidata.org/wiki/Q270,https://www.wikidata.org/wiki/Q175129,https://www.wikidata.org/wiki/Q8441,https://www.wikidata.org/wiki/Q9376577,http://viaf.org/viaf/107526380,253,PL_BezCenzury_articles;PL_BN_books,Mielnicki Zenon,,,,,,False
"Pawlak, Antoni",Pawlak,Antoni,1921-12-15T00:00:00Z,2005-06-29T00:00:00Z,https://www.wikidata.org/wiki/Q49757,,https://www.wikidata.org/wiki/Q331397,https://www.wikidata.org/wiki/Q8441,https://www.wikidata.org/wiki/Q9363638,http://viaf.org/viaf/84995361,254,CZ_books;CZ_articles;PL_BN_books,,,,,,,False
Karski Jan,Karski,Jan,1914-06-24T00:00:00Z,2000-07-13T00:00:00Z,https://www.wikidata.org/wiki/Q2251335|https://www.wikidata.org/wiki/Q36180|https://www.wikidata.org/wiki/Q185351,https://www.wikidata.org/wiki/Q580,https://www.wikidata.org/wiki/Q61,https://www.wikidata.org/wiki/Q8441,https://www.wikidata.org/wiki/Q212523,http://viaf.org/viaf/109145760,255,PL_BN_books,Witold,,,,,,False
Karsov Nina,Karsov,Nina,1940-06-10T00:00:00Z,,https://www.wikidata.org/wiki/Q36180|https://www.wikidata.org/wiki/Q2085381|https://www.wikidata.org/wiki/Q20179720|https://www.wikidata.org/wiki/Q333634,,,https://www.wikidata.org/wiki/Q467,https://www.wikidata.org/wiki/Q11792289,http://viaf.org/viaf/44716745,256,PL_BN_books,,,,,,,False
Szechter Szymon,Szechter,Szymon,1920-04-05T00:00:00Z,1983-06-01T00:00:00Z,https://www.wikidata.org/wiki/Q1622272|https://www.wikidata.org/wiki/Q201788,https://www.wikidata.org/wiki/Q36036,https://www.wikidata.org/wiki/Q84,https://www.wikidata.org/wiki/Q8441,https://www.wikidata.org/wiki/Q16608914,http://viaf.org/viaf/8524510,257,PL_BN_books,,,,,,,False
Kasman Leon,Kasman,Leon,1905-10-28T00:00:00Z,1984-07-12T00:00:00Z,https://www.wikidata.org/wiki/Q1930187,https://www.wikidata.org/wiki/Q580,https://www.wikidata.org/wiki/Q270,https://www.wikidata.org/wiki/Q8441,https://www.wikidata.org/wiki/Q7942385,http://viaf.org/viaf/166580469,258,PL_BN_books,,,,,,,False
Katarzyna,Katarzyna,,,,,,,,,http://viaf.org/viaf/1219156012428249700000,259,PL_BN_books,,,,,,,False
"Hvížďala, Karel",Hvížďala,Karel,1941-08-16T00:00:00Z,,https://www.wikidata.org/wiki/Q487596|https://www.wikidata.org/wiki/Q1930187|https://www.wikidata.org/wiki/Q36180|https://www.wikidata.org/wiki/Q11499163|https://www.wikidata.org/wiki/Q18844224,https://www.wikidata.org/wiki/Q1085,,https://www.wikidata.org/wiki/Q8441,https://www.wikidata.org/wiki/Q12028271,http://viaf.org/viaf/112277239,2593,PL_BezCenzury_articles;CZ_articles;PL_BN_books,,,,,,,False
"Reynek, Bohuslav",,,1892-05-31T00:00:00Z,,https://www.wikidata.org/wiki/Q1028181|https://www.wikidata.org/wiki/Q2085381|https://www.wikidata.org/wiki/Q49757|https://www.wikidata.org/wiki/Q36180|https://www.wikidata.org/wiki/Q11569986|https://www.wikidata.org/wiki/Q333634,,,https://www.wikidata.org/wiki/Q8441,https://www.wikidata.org/wiki/Q1071696,http://viaf.org/viaf/44443053,2595,PL_BezCenzury_articles,,,,,,,False
"Škutina, Vladimír",,,1931-01-16T00:00:00Z,,https://www.wikidata.org/wiki/Q487596|https://www.wikidata.org/wiki/Q6051619|https://www.wikidata.org/wiki/Q36180,https://www.wikidata.org/wiki/Q1085,https://www.wikidata.org/wiki/Q1085,https://www.wikidata.org/wiki/Q8441,https://www.wikidata.org/wiki/Q11911192,http://viaf.org/viaf/66876576,2596,PL_BezCenzury_articles,,,,,,,False
Bagiński Kazimierz,Bagiński,Kazimierz,1890-03-15T00:00:00Z,1966-07-27T00:00:00Z,https://www.wikidata.org/wiki/Q82955|https://www.wikidata.org/wiki/Q1930187,https://www.wikidata.org/wiki/Q270,https://www.wikidata.org/wiki/Q16556,https://www.wikidata.org/wiki/Q8441,https://www.wikidata.org/wiki/Q11737685,http://viaf.org/viaf/61969691,26,PL_BN_books,,,,,,,False
Katelbach Tadeusz,Katelbach,Tadeusz,1897-01-01T00:00:00Z,1977-01-01T00:00:00Z,https://www.wikidata.org/wiki/Q1930187,https://www.wikidata.org/wiki/Q270,https://www.wikidata.org/wiki/Q60,https://www.wikidata.org/wiki/Q8441,https://www.wikidata.org/wiki/Q9354394,http://viaf.org/viaf/35562712,260,PL_BN_books,,,,,,,False
Kawalec Stefan,Kawalec,Stefan,1953-08-25T00:00:00Z,,https://www.wikidata.org/wiki/Q1227195,https://www.wikidata.org/wiki/Q270,,https://www.wikidata.org/wiki/Q8441,https://www.wikidata.org/wiki/Q9345079,http://viaf.org/viaf/166570301,261,PL_BN_books,,,,,,,False
F. P.,F. P.,,1878-12-18T00:00:00Z,1953-03-05T00:00:00Z,https://www.wikidata.org/wiki/Q82955|https://www.wikidata.org/wiki/Q482980|https://www.wikidata.org/wiki/Q3242115,https://www.wikidata.org/wiki/Q19583,https://www.wikidata.org/wiki/Q4088132,https://www.wikidata.org/wiki/Q8441,https://www.wikidata.org/wiki/Q855,http://viaf.org/viaf/101787139,2618,CZ_articles;PL_BN_books,Сталин,,,,,,False
"Konrád, György",Konrád,György,1933-04-02T00:00:00Z,2019-09-13T00:00:00Z,https://www.wikidata.org/wiki/Q1930187|https://www.wikidata.org/wiki/Q11774202|https://www.wikidata.org/wiki/Q36180|https://www.wikidata.org/wiki/Q2306091,https://www.wikidata.org/wiki/Q79880,https://www.wikidata.org/wiki/Q1781,https://www.wikidata.org/wiki/Q8441,https://www.wikidata.org/wiki/Q326823,http://viaf.org/viaf/108363082,2625,CZ_articles,,,,,,,False
Kaz- Ostaszewicz Kazimierz,Kaz- Ostaszewicz,Kazimierz,1938-01-01T00:00:00Z❦1938-08-09T00:00:00Z,,,https://www.wikidata.org/wiki/Q216,,https://www.wikidata.org/wiki/Q8441,https://www.wikidata.org/wiki/Q94533893,http://viaf.org/viaf/101845424,263,PL_BN_books,,,,,,,False
"Mazewski, Alojzy",Mazewski,Alojzy,1910-01-01T00:00:00Z,1988-07-03T00:00:00Z,,,https://www.wikidata.org/wiki/Q1297,https://www.wikidata.org/wiki/Q8441,https://www.wikidata.org/wiki/Q11685489,http://viaf.org/viaf/163194339,2635,CZ_articles,,,,,,,False
"Palach, Jan",Palach,Jan,1948-08-11T00:00:00Z,1969-01-19T00:00:00Z,https://www.wikidata.org/wiki/Q315247,https://www.wikidata.org/wiki/Q1364159,https://www.wikidata.org/wiki/Q19601766,https://www.wikidata.org/wiki/Q8441,https://www.wikidata.org/wiki/Q192893,http://viaf.org/viaf/42630399,2638,CZ_articles,,,,,,,False
"Palach, Jan",Palach,Jan,1950-07-03T00:00:00Z,1969-02-25T00:00:00Z,https://www.wikidata.org/wiki/Q48282,https://www.wikidata.org/wiki/Q1641781,https://www.wikidata.org/wiki/Q1085,https://www.wikidata.org/wiki/Q8441,https://www.wikidata.org/wiki/Q714156,http://viaf.org/viaf/84020412,2640,CZ_articles,,,,,,,False
"Krupski, Janusz",Krupski,Janusz,1951-05-09T00:00:00Z,2010-04-10T00:00:00Z,https://www.wikidata.org/wiki/Q7886765|https://www.wikidata.org/wiki/Q201788,https://www.wikidata.org/wiki/Q37333,https://www.wikidata.org/wiki/Q2337,https://www.wikidata.org/wiki/Q8441,https://www.wikidata.org/wiki/Q1683064,http://viaf.org/viaf/49448212,2644,CZ_articles,,,,,,,False
"Milewicz, Ewa",Milewicz,Ewa,1947-12-04T00:00:00Z,,https://www.wikidata.org/wiki/Q1930187,https://www.wikidata.org/wiki/Q270,,https://www.wikidata.org/wiki/Q467,https://www.wikidata.org/wiki/Q274140,http://viaf.org/viaf/34019208,2648,CZ_articles,,,,,,,False
"Kąkol, Kazimierz",Kąkol,Kazimierz,1920-11-22T00:00:00Z,2016-01-16T00:00:00Z,https://www.wikidata.org/wiki/Q1227195|https://www.wikidata.org/wiki/Q1238570,https://www.wikidata.org/wiki/Q270,https://www.wikidata.org/wiki/Q270,https://www.wikidata.org/wiki/Q8441,https://www.wikidata.org/wiki/Q11738071,http://viaf.org/viaf/29939256,2649,CZ_articles,,,,,,,False
Kazimierz C.,Kazimierz C.,,,,,,,,,http://viaf.org/viaf/311401352,265,PL_BN_books,,,,,,,False
"Tigrid, Pavel",,,1917-10-27T00:00:00Z,,https://www.wikidata.org/wiki/Q1930187|https://www.wikidata.org/wiki/Q2085381|https://www.wikidata.org/wiki/Q36180|https://www.wikidata.org/wiki/Q11499147|https://www.wikidata.org/wiki/Q82955|https://www.wikidata.org/wiki/Q333634|https://www.wikidata.org/wiki/Q6051619,https://www.wikidata.org/wiki/Q1085,https://www.wikidata.org/wiki/Q271858,https://www.wikidata.org/wiki/Q8441,https://www.wikidata.org/wiki/Q586153,http://viaf.org/viaf/92731991,2650,PL_BezCenzury_articles,Stračena Bulíčková|Čunykl,,,,,,False
"Onyszkiewicz, Wojciech",Onyszkiewicz,Wojciech,1948-05-18T00:00:00Z,,https://www.wikidata.org/wiki/Q201788,https://www.wikidata.org/wiki/Q270,,https://www.wikidata.org/wiki/Q8441,https://www.wikidata.org/wiki/Q9376744,http://viaf.org/viaf/311317442,2658,CZ_articles,,,,,,,False
Kaźmierczak Cezary,Kaźmierczak,Cezary,,,,,,,,http://viaf.org/viaf/298806939,266,PL_BN_books,,,,,,,False
"Jirous, Ivan Martin",Jirous,Ivan Martin,1944-09-23T00:00:00Z,2011-11-10T00:00:00Z❦2011-11-09T00:00:00Z,https://www.wikidata.org/wiki/Q876864|https://www.wikidata.org/wiki/Q49757|https://www.wikidata.org/wiki/Q36180|https://www.wikidata.org/wiki/Q1792450|https://www.wikidata.org/wiki/Q333634,https://www.wikidata.org/wiki/Q1000060,https://www.wikidata.org/wiki/Q1085,https://www.wikidata.org/wiki/Q8441,https://www.wikidata.org/wiki/Q426528,http://viaf.org/viaf/119364641,2667,PL_BezCenzury_articles;CZ_articles,Magor,,,,,,False
"Gabriłowicz, Jewgienij",Gabriłowicz,Jewgienij,1899-10-23T00:00:00Z❦1899-09-29T00:00:00Z,1993-12-05T00:00:00Z,https://www.wikidata.org/wiki/Q487596|https://www.wikidata.org/wiki/Q36180|https://www.wikidata.org/wiki/Q28389|https://www.wikidata.org/wiki/Q486748,https://www.wikidata.org/wiki/Q3426,https://www.wikidata.org/wiki/Q649,https://www.wikidata.org/wiki/Q8441,https://www.wikidata.org/wiki/Q3655818,http://viaf.org/viaf/116661461,2675,CZ_articles,,,,,,,False
"Averbach, Il'ja Aleksandrovič",Averbach,Il'ja Aleksandrovič,1934-07-28T00:00:00Z,1986-01-11T00:00:00Z,https://www.wikidata.org/wiki/Q2526255|https://www.wikidata.org/wiki/Q28389,https://www.wikidata.org/wiki/Q656,https://www.wikidata.org/wiki/Q649,https://www.wikidata.org/wiki/Q8441,https://www.wikidata.org/wiki/Q4055630,http://viaf.org/viaf/297734097,2676,CZ_articles,,,,,,,False
"Vláčil, František",Vláčil,František,1924-02-19T00:00:00Z,1999-01-27T00:00:00Z❦1999-01-28T00:00:00Z,https://www.wikidata.org/wiki/Q3455803|https://www.wikidata.org/wiki/Q1028181|https://www.wikidata.org/wiki/Q627325|https://www.wikidata.org/wiki/Q2526255|https://www.wikidata.org/wiki/Q28389,https://www.wikidata.org/wiki/Q278877,https://www.wikidata.org/wiki/Q1085,https://www.wikidata.org/wiki/Q8441,https://www.wikidata.org/wiki/Q706451,http://viaf.org/viaf/80357192,2677,CZ_articles,,,,,,,False
"Bergman, Ingmar",Bergman,Ingmar,1918-07-14T00:00:00Z,2007-07-30T00:00:00Z,https://www.wikidata.org/wiki/Q33999|https://www.wikidata.org/wiki/Q487596|https://www.wikidata.org/wiki/Q18814623|https://www.wikidata.org/wiki/Q3282637|https://www.wikidata.org/wiki/Q3455803|https://www.wikidata.org/wiki/Q3387717|https://www.wikidata.org/wiki/Q2526255|https://www.wikidata.org/wiki/Q1414443|https://www.wikidata.org/wiki/Q482980|https://www.wikidata.org/wiki/Q28389,https://www.wikidata.org/wiki/Q25286,https://www.wikidata.org/wiki/Q1004693,https://www.wikidata.org/wiki/Q8441,https://www.wikidata.org/wiki/Q7546,http://viaf.org/viaf/110097018,2678,CZ_articles,,,,,,,False
"Łazarkiewicz, Piotr",Łazarkiewicz,Piotr,1980-03-12T00:00:00Z,2008,https://www.wikidata.org/wiki/Q1415090|https://www.wikidata.org/wiki/Q36834,https://www.wikidata.org/wiki/Q270,,https://www.wikidata.org/wiki/Q8441,https://www.wikidata.org/wiki/Q2791003,http://viaf.org/viaf/24055440,2679,CZ_articles,,,,,,,False
Kelsen Hans,Kelsen,Hans,1881-10-11T00:00:00Z,1973-04-19T00:00:00Z,https://www.wikidata.org/wiki/Q4964182|https://www.wikidata.org/wiki/Q185351|https://www.wikidata.org/wiki/Q4594605|https://www.wikidata.org/wiki/Q1622272|https://www.wikidata.org/wiki/Q380075,https://www.wikidata.org/wiki/Q1085,https://www.wikidata.org/wiki/Q484678,https://www.wikidata.org/wiki/Q8441,https://www.wikidata.org/wiki/Q84165,http://viaf.org/viaf/31998356,268,CZ_articles;PL_BN_books,,,,,,,False
"Karpinski, Paweł",Karpinski,Paweł,1951-11-04T00:00:00Z,,https://www.wikidata.org/wiki/Q33999|https://www.wikidata.org/wiki/Q2526255,https://www.wikidata.org/wiki/Q270,,https://www.wikidata.org/wiki/Q8441,https://www.wikidata.org/wiki/Q11814154,http://viaf.org/viaf/302984028,2680,CZ_articles,,,,,,,False
"Battěk, Rudolf",Battěk,Rudolf,1924-11-02T00:00:00Z,2012-03-17T00:00:00Z❦2013-03-17T00:00:00Z,https://www.wikidata.org/wiki/Q21550346|https://www.wikidata.org/wiki/Q4964182|https://www.wikidata.org/wiki/Q36180|https://www.wikidata.org/wiki/Q2306091|https://www.wikidata.org/wiki/Q1238570|https://www.wikidata.org/wiki/Q82955,https://www.wikidata.org/wiki/Q1780,https://www.wikidata.org/wiki/Q1085,https://www.wikidata.org/wiki/Q8441,https://www.wikidata.org/wiki/Q277838,http://viaf.org/viaf/74786458,2681,CZ_articles,,,,,,,False
"Landovský, Pavel",Landovský,Pavel,1936-09-11T00:00:00Z,2014-10-10T00:00:00Z,https://www.wikidata.org/wiki/Q33999|https://www.wikidata.org/wiki/Q487596|https://www.wikidata.org/wiki/Q33999|https://www.wikidata.org/wiki/Q33999|https://www.wikidata.org/wiki/Q36180|https://www.wikidata.org/wiki/Q33999,https://www.wikidata.org/wiki/Q954596,https://www.wikidata.org/wiki/Q2182033,https://www.wikidata.org/wiki/Q8441,https://www.wikidata.org/wiki/Q872836,http://viaf.org/viaf/25400571,2682,PL_BezCenzury_articles;CZ_articles,,,,,,,False
"Němec, Jiří",Němec,Jiří,1932-10-18T00:00:00Z,2001-10-04T00:00:00Z,https://www.wikidata.org/wiki/Q212980|https://www.wikidata.org/wiki/Q1231865|https://www.wikidata.org/wiki/Q4964182|https://www.wikidata.org/wiki/Q36180|https://www.wikidata.org/wiki/Q333634|https://www.wikidata.org/wiki/Q11774202|https://www.wikidata.org/wiki/Q6051619,https://www.wikidata.org/wiki/Q1085,https://www.wikidata.org/wiki/Q1085,https://www.wikidata.org/wiki/Q8441,https://www.wikidata.org/wiki/Q12025410,http://viaf.org/viaf/73433152,2683,CZ_articles,,,,,,,False
"Podhrázký, Petr",Podhrázký,Petr,1943-10-08T00:00:00Z,1990-03-17T00:00:00Z,https://www.wikidata.org/wiki/Q3455803|https://www.wikidata.org/wiki/Q49757|https://www.wikidata.org/wiki/Q876864|https://www.wikidata.org/wiki/Q2722764|https://www.wikidata.org/wiki/Q822146|https://www.wikidata.org/wiki/Q8178443,https://www.wikidata.org/wiki/Q2703812,https://www.wikidata.org/wiki/Q1741,https://www.wikidata.org/wiki/Q8441,https://www.wikidata.org/wiki/Q95215517,http://viaf.org/viaf/62179368,2684,CZ_articles,Ataman|Václav Karban,,,,,,False
"Petřivý, Tomáš",Petřivý,Tomáš,1955,1986,,,,,,http://viaf.org/viaf/85751115,2685,CZ_articles,,,,,,,False
"Maimski, Piotr",Maimski,Piotr,1951-02-02T00:00:00Z,,https://www.wikidata.org/wiki/Q1622272|https://www.wikidata.org/wiki/Q82955,https://www.wikidata.org/wiki/Q270,,https://www.wikidata.org/wiki/Q8441,https://www.wikidata.org/wiki/Q11817868,http://viaf.org/viaf/311484815,2686,CZ_articles,,,,,,,False
"Šabata, Jaroslav",Šabata,Jaroslav,1929-10-02T00:00:00Z,2016-04-05T00:00:00Z,https://www.wikidata.org/wiki/Q1930187|https://www.wikidata.org/wiki/Q52769526|https://www.wikidata.org/wiki/Q49757|https://www.wikidata.org/wiki/Q1234713|https://www.wikidata.org/wiki/Q12713481,https://www.wikidata.org/wiki/Q1085,https://www.wikidata.org/wiki/Q14960,https://www.wikidata.org/wiki/Q8441,https://www.wikidata.org/wiki/Q21996848,http://viaf.org/viaf/77257773,2687,CZ_articles,,,,,,,False
"Cohn-Bendit, Daniel",Cohn-Bendit,Daniel,1945-04-04T00:00:00Z,,https://www.wikidata.org/wiki/Q1930187|https://www.wikidata.org/wiki/Q947873|https://www.wikidata.org/wiki/Q2251335|https://www.wikidata.org/wiki/Q3578589|https://www.wikidata.org/wiki/Q2526255|https://www.wikidata.org/wiki/Q36180|https://www.wikidata.org/wiki/Q82955,https://www.wikidata.org/wiki/Q172593,,https://www.wikidata.org/wiki/Q8441,https://www.wikidata.org/wiki/Q76837,http://viaf.org/viaf/22140178,2688,CZ_articles,,,,,,,False
Kelus Jan Krzysztof,Kelus,Jan Krzysztof,1942-01-01T00:00:00Z❦1942-02-21T00:00:00Z,,https://www.wikidata.org/wiki/Q49757|https://www.wikidata.org/wiki/Q2306091|https://www.wikidata.org/wiki/Q177220,https://www.wikidata.org/wiki/Q270,,https://www.wikidata.org/wiki/Q8441,https://www.wikidata.org/wiki/Q6149326,http://viaf.org/viaf/164396790,269,CZ_articles;PL_BN_books,,,,,,,False
"Bahro, Rudolf",Bahro,Rudolf,1935-11-18T00:00:00Z,1997-12-05T00:00:00Z,https://www.wikidata.org/wiki/Q82955|https://www.wikidata.org/wiki/Q1930187|https://www.wikidata.org/wiki/Q36180|https://www.wikidata.org/wiki/Q4964182,https://www.wikidata.org/wiki/Q387561,https://www.wikidata.org/wiki/Q64,https://www.wikidata.org/wiki/Q8441,https://www.wikidata.org/wiki/Q66288,http://viaf.org/viaf/36914113,2690,CZ_articles,,,,,,,False
"Feierabend, Ladislav Karel",Feierabend,Ladislav Karel,1891-06-14T00:00:00Z,1969-08-15T00:00:00Z,https://www.wikidata.org/wiki/Q1227195|https://www.wikidata.org/wiki/Q82955|https://www.wikidata.org/wiki/Q36180|https://www.wikidata.org/wiki/Q185351,https://www.wikidata.org/wiki/Q1645575,https://www.wikidata.org/wiki/Q483522,https://www.wikidata.org/wiki/Q8441,https://www.wikidata.org/wiki/Q836425,http://viaf.org/viaf/57408929,2691,CZ_articles,,,,,,,False
"Ratoń, Kazimierz",Ratoń,Kazimierz,1942-03-04T00:00:00Z,1982-12-01T00:00:00Z,https://www.wikidata.org/wiki/Q49757,https://www.wikidata.org/wiki/Q105060,,https://www.wikidata.org/wiki/Q8441,https://www.wikidata.org/wiki/Q11738272,http://viaf.org/viaf/33833704,2692,CZ_articles,,,,,,,False
"Vlášek, Josef",Vlášek,Josef,1934-05-18T00:00:00Z,2014-08-06T00:00:00Z,https://www.wikidata.org/wiki/Q20179720|https://www.wikidata.org/wiki/Q333634,https://www.wikidata.org/wiki/Q1000056,,https://www.wikidata.org/wiki/Q8441,https://www.wikidata.org/wiki/Q95365928,http://viaf.org/viaf/83957935,2693,CZ_articles,,,,,,,False
"Wyspiański, Stanisław",Wyspiański,Stanisław,1869-01-15T00:00:00Z,1907-11-28T00:00:00Z,https://www.wikidata.org/wiki/Q487596|https://www.wikidata.org/wiki/Q1028181|https://www.wikidata.org/wiki/Q2707485|https://www.wikidata.org/wiki/Q49757|https://www.wikidata.org/wiki/Q36180|https://www.wikidata.org/wiki/Q42973|https://www.wikidata.org/wiki/Q333634,https://www.wikidata.org/wiki/Q31487,https://www.wikidata.org/wiki/Q31487,https://www.wikidata.org/wiki/Q8441,https://www.wikidata.org/wiki/Q312627,http://viaf.org/viaf/73881622,2694,CZ_articles,,,,,,,False
"Różewicz, Stanisław",Różewicz,Stanisław,1924-08-16T00:00:00Z,2008-11-09T00:00:00Z,https://www.wikidata.org/wiki/Q3387717|https://www.wikidata.org/wiki/Q2526255|https://www.wikidata.org/wiki/Q28389,https://www.wikidata.org/wiki/Q158796,https://www.wikidata.org/wiki/Q270,https://www.wikidata.org/wiki/Q8441,https://www.wikidata.org/wiki/Q724989,http://viaf.org/viaf/118059100,2695,CZ_articles,,,,,,,False
"Kieślowski, Krzysztof",Kieślowski,Krzysztof,1941-06-27T00:00:00Z,1996-03-13T00:00:00Z,https://www.wikidata.org/wiki/Q28389|https://www.wikidata.org/wiki/Q2526255|https://www.wikidata.org/wiki/Q482980,https://www.wikidata.org/wiki/Q270,https://www.wikidata.org/wiki/Q270,https://www.wikidata.org/wiki/Q8441,https://www.wikidata.org/wiki/Q55165,http://viaf.org/viaf/114446336,2696,CZ_articles,,,,,,,False
"Piwowski, Marek",Piwowski,Marek,1935-10-24T00:00:00Z,,https://www.wikidata.org/wiki/Q2526255|https://www.wikidata.org/wiki/Q28389,https://www.wikidata.org/wiki/Q270,,https://www.wikidata.org/wiki/Q8441,https://www.wikidata.org/wiki/Q1894630,http://viaf.org/viaf/84307543,2697,CZ_articles,,,,,,,False
"Černý, Václav",Černý,Václav,1905-03-26T00:00:00Z,1987-01-27T00:00:00Z❦1987-07-02T00:00:00Z,https://www.wikidata.org/wiki/Q4263842|https://www.wikidata.org/wiki/Q1231865|https://www.wikidata.org/wiki/Q2251335|https://www.wikidata.org/wiki/Q4964182|https://www.wikidata.org/wiki/Q36180|https://www.wikidata.org/wiki/Q71049101|https://www.wikidata.org/wiki/Q13570226|https://www.wikidata.org/wiki/Q333634,https://www.wikidata.org/wiki/Q12024978,https://www.wikidata.org/wiki/Q1085,https://www.wikidata.org/wiki/Q8441,https://www.wikidata.org/wiki/Q326624,http://viaf.org/viaf/17220404,2698,PL_BezCenzury_books;CZ_articles;PL_BezCenzury_articles,,,,,,,False
"Kantor, Tadeusz",Kantor,Tadeusz,1915-04-06T00:00:00Z,1990-12-08T00:00:00Z,https://www.wikidata.org/wiki/Q3387717|https://www.wikidata.org/wiki/Q2707485|https://www.wikidata.org/wiki/Q1281618|https://www.wikidata.org/wiki/Q1028181,https://www.wikidata.org/wiki/Q670095,https://www.wikidata.org/wiki/Q31487,https://www.wikidata.org/wiki/Q8441,https://www.wikidata.org/wiki/Q702678,http://viaf.org/viaf/64007418,2699,CZ_articles,,,,,,,False
Gauza Władysław,Gauza,Władysław,,,,,,,,http://viaf.org/viaf/2881966,27,PL_BN_books,,,,,,,False
Kemp Anthony,Kemp,Anthony,1939-01-01T00:00:00Z,2018-01-29T00:00:00Z,https://www.wikidata.org/wiki/Q1493121,https://www.wikidata.org/wiki/Q84,https://www.wikidata.org/wiki/Q868637,https://www.wikidata.org/wiki/Q8441,https://www.wikidata.org/wiki/Q48049829,http://viaf.org/viaf/24613372,270,PL_BN_books,,,,,,,False
"Grotowski, Jerzy",Grotowski,Jerzy,1933-08-11T00:00:00Z,1999-01-14T00:00:00Z,https://www.wikidata.org/wiki/Q3387717|https://www.wikidata.org/wiki/Q2449921|https://www.wikidata.org/wiki/Q2526255|https://www.wikidata.org/wiki/Q25339110|https://www.wikidata.org/wiki/Q483501,https://www.wikidata.org/wiki/Q598,https://www.wikidata.org/wiki/Q103219,https://www.wikidata.org/wiki/Q8441,https://www.wikidata.org/wiki/Q332618,http://viaf.org/viaf/32032675,2700,CZ_articles,,,,,,,False
"Černogurský, Pavol",Černogurský,Pavol,,,,,,,,,2701,CZ_articles,,,,,,,False
"Hubicki, Stefan",Hubicki,Stefan,1877-03-18T00:00:00Z,1955-10-30T00:00:00Z,https://www.wikidata.org/wiki/Q2640827|https://www.wikidata.org/wiki/Q4002659,https://www.wikidata.org/wiki/Q555053,https://www.wikidata.org/wiki/Q569838,https://www.wikidata.org/wiki/Q8441,https://www.wikidata.org/wiki/Q9345035,http://viaf.org/viaf/120567185,2702,CZ_articles,,,,,,,False
"Gajewski, Henryk",Gajewski,Henryk,1930,,,,,,,http://viaf.org/viaf/66880639,2703,CZ_articles,,,,,,,False
"Abramović, Marina",Abramović,Marina,1946-11-30T00:00:00Z,,https://www.wikidata.org/wiki/Q10774753|https://www.wikidata.org/wiki/Q3282637|https://www.wikidata.org/wiki/Q1281618|https://www.wikidata.org/wiki/Q2707485|https://www.wikidata.org/wiki/Q19850998|https://www.wikidata.org/wiki/Q2526255|https://www.wikidata.org/wiki/Q957729|https://www.wikidata.org/wiki/Q1622272|https://www.wikidata.org/wiki/Q18216771|https://www.wikidata.org/wiki/Q33231,https://www.wikidata.org/wiki/Q3711,,https://www.wikidata.org/wiki/Q467,https://www.wikidata.org/wiki/Q47496,http://viaf.org/viaf/37035899,2704,CZ_articles,,,,,,,False
"Laysiepen, Frank Uwe",Laysiepen,Frank Uwe,1943-11-30T00:00:00Z❦1943-01-01T00:00:00Z,2020-03-02T00:00:00Z,https://www.wikidata.org/wiki/Q10774753|https://www.wikidata.org/wiki/Q3455803|https://www.wikidata.org/wiki/Q98084799|https://www.wikidata.org/wiki/Q957729|https://www.wikidata.org/wiki/Q1622272|https://www.wikidata.org/wiki/Q28389|https://www.wikidata.org/wiki/Q483501|https://www.wikidata.org/wiki/Q33231,https://www.wikidata.org/wiki/Q2942,https://www.wikidata.org/wiki/Q437,https://www.wikidata.org/wiki/Q8441,https://www.wikidata.org/wiki/Q69562,http://viaf.org/viaf/96541048,2705,CZ_articles,Ulay,,,,,,False
"Cardena, Michel",Cardena,Michel,1934-10-03T00:00:00Z,2015-06-02T00:00:00Z,https://www.wikidata.org/wiki/Q1028181|https://www.wikidata.org/wiki/Q15296811|https://www.wikidata.org/wiki/Q18216771|https://www.wikidata.org/wiki/Q33231,https://www.wikidata.org/wiki/Q234501,https://www.wikidata.org/wiki/Q727,https://www.wikidata.org/wiki/Q8441,https://www.wikidata.org/wiki/Q6844370,http://viaf.org/viaf/96376012,2706,CZ_articles,,,,,,,False
"Štembera, Petr",Štembera,Petr,1945-01-21T00:00:00Z,,https://www.wikidata.org/wiki/Q10774753|https://www.wikidata.org/wiki/Q2251335|https://www.wikidata.org/wiki/Q10333969|https://www.wikidata.org/wiki/Q780596|https://www.wikidata.org/wiki/Q483501,https://www.wikidata.org/wiki/Q43453,,https://www.wikidata.org/wiki/Q8441,https://www.wikidata.org/wiki/Q90568361,http://viaf.org/viaf/7317704,2707,CZ_articles,,,,,,,False
"Hajas, Tibor",Hajas,Tibor,1946-08-03T00:00:00Z,1980-07-27T00:00:00Z,https://www.wikidata.org/wiki/Q10774753|https://www.wikidata.org/wiki/Q49757,https://www.wikidata.org/wiki/Q1781,https://www.wikidata.org/wiki/Q81581,https://www.wikidata.org/wiki/Q8441,https://www.wikidata.org/wiki/Q1032589,http://viaf.org/viaf/47173542,2708,CZ_articles,,,,,,,False
"Grabczyk, Franciszek",Grabczyk,Franciszek,1936-01-01T00:00:00Z,2004-01-01T00:00:00Z,,,,,https://www.wikidata.org/wiki/Q94487280,http://viaf.org/viaf/4377047,2709,CZ_articles,,,,,,,False
Kende Peter,Kende,Peter,1952,,,,,,,http://viaf.org/viaf/290311882,271,PL_BN_books,,,,,,,False
"Srieniowski, Józef",Srieniowski,Józef,,,,,,,,,2710,CZ_articles,,,,,,,False
"Dienstbier, Jiří",Dienstbier,Jiří,1937-04-20T00:00:00Z,2011-01-08T00:00:00Z,https://www.wikidata.org/wiki/Q82955|https://www.wikidata.org/wiki/Q1930187|https://www.wikidata.org/wiki/Q36180|https://www.wikidata.org/wiki/Q333634,https://www.wikidata.org/wiki/Q155993,https://www.wikidata.org/wiki/Q1085,https://www.wikidata.org/wiki/Q8441,https://www.wikidata.org/wiki/Q375208,http://viaf.org/viaf/34522870,2711,CZ_articles,,,,,,,False
"Renčín, Vladimír",Renčín,Vladimír,1941-12-06T00:00:00Z,2017-10-04T00:00:00Z,https://www.wikidata.org/wiki/Q487596|https://www.wikidata.org/wiki/Q1028181|https://www.wikidata.org/wiki/Q15296811|https://www.wikidata.org/wiki/Q3658608|https://www.wikidata.org/wiki/Q644687,https://www.wikidata.org/wiki/Q1813776,,https://www.wikidata.org/wiki/Q8441,https://www.wikidata.org/wiki/Q11909074,http://viaf.org/viaf/11369987,2712,CZ_articles,,,,,,,False
"Buikhuisen, Wouter",Buikhuisen,Wouter,1933-12-05T00:00:00Z,,https://www.wikidata.org/wiki/Q1622272|https://www.wikidata.org/wiki/Q185351,,,https://www.wikidata.org/wiki/Q8441,https://www.wikidata.org/wiki/Q4911217,http://viaf.org/viaf/68960738,2714,CZ_articles,,,,,,,False
"Duyn, Roel von",Duyn,Roel von,1943-01-20T00:00:00Z,,https://www.wikidata.org/wiki/Q82955|https://www.wikidata.org/wiki/Q36180|https://www.wikidata.org/wiki/Q10873124|https://www.wikidata.org/wiki/Q131512,https://www.wikidata.org/wiki/Q36600,,https://www.wikidata.org/wiki/Q8441,https://www.wikidata.org/wiki/Q2161427,http://viaf.org/viaf/91353447,2715,CZ_articles,,,,,,,False
"Grootveld, Robert Jasper",Grootveld,Robert Jasper,1932-07-19T00:00:00Z,2009-02-26T00:00:00Z,https://www.wikidata.org/wiki/Q483501,https://www.wikidata.org/wiki/Q727,https://www.wikidata.org/wiki/Q727,https://www.wikidata.org/wiki/Q8441,https://www.wikidata.org/wiki/Q433877,http://viaf.org/viaf/86031586,2716,CZ_articles,,,,,,,False
"Vries, Bert de",Vries,Bert de,1948-01-01T00:00:00Z,,,,,https://www.wikidata.org/wiki/Q8441,https://www.wikidata.org/wiki/Q105044107,http://viaf.org/viaf/1884364,2717,CZ_articles,,,,,,,False
"Johnson, Lyndon Baines",Johnson,Lyndon Baines,1908-08-27T00:00:00Z,1973-01-22T00:00:00Z,https://www.wikidata.org/wiki/Q82955|https://www.wikidata.org/wiki/Q372436,https://www.wikidata.org/wiki/Q975048,https://www.wikidata.org/wiki/Q975048,https://www.wikidata.org/wiki/Q8441,https://www.wikidata.org/wiki/Q9640,http://viaf.org/viaf/92989169,2718,CZ_articles,,,,,,,False
Pol Pot,Pol Pot,Pol Pot,1925-05-19T00:00:00Z,1998-04-15T00:00:00Z,https://www.wikidata.org/wiki/Q82955|https://www.wikidata.org/wiki/Q4002659,https://www.wikidata.org/wiki/Q1453641,https://www.wikidata.org/wiki/Q557911,https://www.wikidata.org/wiki/Q8441,https://www.wikidata.org/wiki/Q39464,http://viaf.org/viaf/93831338,2719,CZ_articles,Pol Pot,,,,,,False
"Chomejní, Ruholláh",Chomejní,Ruholláh,1902-09-24T00:00:00Z,1989-06-03T00:00:00Z,https://www.wikidata.org/wiki/Q49757|https://www.wikidata.org/wiki/Q82955|https://www.wikidata.org/wiki/Q2632248|https://www.wikidata.org/wiki/Q1234713|https://www.wikidata.org/wiki/Q12328016|https://www.wikidata.org/wiki/Q15995642,https://www.wikidata.org/wiki/Q720750,https://www.wikidata.org/wiki/Q3616,https://www.wikidata.org/wiki/Q8441,https://www.wikidata.org/wiki/Q38823,http://viaf.org/viaf/88036173,2720,CZ_articles,,,,,,,False
Rezá Chán Pahlaví,Rezá Chán Pahlaví,Rezá Chán Pahlaví,1878-03-15T00:00:00Z,1944-07-26T00:00:00Z,https://www.wikidata.org/wiki/Q82955|https://www.wikidata.org/wiki/Q47064,https://www.wikidata.org/wiki/Q308864,https://www.wikidata.org/wiki/Q34647,https://www.wikidata.org/wiki/Q8441,https://www.wikidata.org/wiki/Q182921,http://viaf.org/viaf/107639858,2721,CZ_articles,,"['íránský šáh,']",,,"íránský šáh,",,False
Atatürk,Atatürk,Atatürk,1881-01-01T00:00:00Z,1938-11-10T00:00:00Z,https://www.wikidata.org/wiki/Q372436|https://www.wikidata.org/wiki/Q36180|https://www.wikidata.org/wiki/Q82955|https://www.wikidata.org/wiki/Q3242115|https://www.wikidata.org/wiki/Q4002659,https://www.wikidata.org/wiki/Q17151,https://www.wikidata.org/wiki/Q274141,https://www.wikidata.org/wiki/Q8441,https://www.wikidata.org/wiki/Q5152,http://viaf.org/viaf/87758727,2722,CZ_articles,,,,,,,False
"Clark, Ramsey",Clark,Ramsey,1927-12-18T00:00:00Z,2021-04-09T00:00:00Z,https://www.wikidata.org/wiki/Q82955|https://www.wikidata.org/wiki/Q380075|https://www.wikidata.org/wiki/Q16323111,https://www.wikidata.org/wiki/Q16557,https://www.wikidata.org/wiki/Q60,https://www.wikidata.org/wiki/Q8441,https://www.wikidata.org/wiki/Q708795,http://viaf.org/viaf/79306930,2723,CZ_articles,,,,,,,False
"Hradílek, Tomáš",Hradílek,Tomáš,1945-04-28T00:00:00Z,,https://www.wikidata.org/wiki/Q82955,https://www.wikidata.org/wiki/Q1021080,,https://www.wikidata.org/wiki/Q8441,https://www.wikidata.org/wiki/Q12059210,http://viaf.org/viaf/84211790,2724,CZ_articles,,,,,,,False
"Will, George F.",Will,George F.,1941-05-04T00:00:00Z,,https://www.wikidata.org/wiki/Q1930187,https://www.wikidata.org/wiki/Q577964,,https://www.wikidata.org/wiki/Q8441,https://www.wikidata.org/wiki/Q1270178,http://viaf.org/viaf/29599749,2725,CZ_articles,,,,,,,False
"Fisiak, Jacek",Fisiak,Jacek,1936-05-10T00:00:00Z,2019-06-03T00:00:00Z,https://www.wikidata.org/wiki/Q13418253,https://www.wikidata.org/wiki/Q867349,,https://www.wikidata.org/wiki/Q8441,https://www.wikidata.org/wiki/Q11715285,http://viaf.org/viaf/29548715,2726,CZ_articles,,,,,,,False
"Kołodziej, Andrzej",Kołodziej,Andrzej,1959-11-18T00:00:00Z,,https://www.wikidata.org/wiki/Q7886765,https://www.wikidata.org/wiki/Q1946049,,https://www.wikidata.org/wiki/Q8441,https://www.wikidata.org/wiki/Q9152590,http://viaf.org/viaf/53994034,2727,CZ_articles,,,,,,,False
"Chmielowska, Janina",Chmielowska,Janina,1954-06-29T00:00:00Z,,https://www.wikidata.org/wiki/Q82594|https://www.wikidata.org/wiki/Q82955|https://www.wikidata.org/wiki/Q1476215|https://www.wikidata.org/wiki/Q1930187,https://www.wikidata.org/wiki/Q105060,,https://www.wikidata.org/wiki/Q467,https://www.wikidata.org/wiki/Q11719794,http://viaf.org/viaf/161542862,2728,CZ_articles,,,,,,,False
"Kubasiewicz-Houée, Ewa",Kubasiewicz-Houée,Ewa,1940-07-21T00:00:00Z,,https://www.wikidata.org/wiki/Q182436,https://www.wikidata.org/wiki/Q268,,https://www.wikidata.org/wiki/Q467,https://www.wikidata.org/wiki/Q9256719,http://viaf.org/viaf/34203883,2729,CZ_articles,,,,,,,False
Kersten Krystyna,Kersten,Krystyna,1931-05-25T00:00:00Z,2008-07-10T00:00:00Z,https://www.wikidata.org/wiki/Q201788,https://www.wikidata.org/wiki/Q268,https://www.wikidata.org/wiki/Q270,https://www.wikidata.org/wiki/Q467,https://www.wikidata.org/wiki/Q6439818,http://viaf.org/viaf/17243972,273,PL_BN_books,Bujnowski Jan,,,,,,False
"Krawczuk, Aleksander",Krawczuk,Aleksander,1922-06-07T00:00:00Z,,https://www.wikidata.org/wiki/Q82955|https://www.wikidata.org/wiki/Q201788|https://www.wikidata.org/wiki/Q36180,https://www.wikidata.org/wiki/Q31487,,https://www.wikidata.org/wiki/Q8441,https://www.wikidata.org/wiki/Q633807,http://viaf.org/viaf/2487263,2730,CZ_articles,,,,,,,False
"Kania, Tadeusz",Kania,Tadeusz,,,,,,,,http://viaf.org/viaf/52100003,2731,CZ_articles,,,,,,,False
"Żurek, Andrzej",Żurek,Andrzej,,,,,,,,http://viaf.org/viaf/83524572,2732,CZ_articles,,,,,,,False
"Kronhold, Jerzy",Kronhold,Jerzy,1946-01-24T00:00:00Z,,https://www.wikidata.org/wiki/Q49757,https://www.wikidata.org/wiki/Q321197,,https://www.wikidata.org/wiki/Q8441,https://www.wikidata.org/wiki/Q11724914,http://viaf.org/viaf/54086974,2734,CZ_articles,,,,,,,False
"Filip, Ota",Filip,Ota,1930-03-09T00:00:00Z,2018-03-02T00:00:00Z,https://www.wikidata.org/wiki/Q1930187|https://www.wikidata.org/wiki/Q36180,https://www.wikidata.org/wiki/Q8385,https://www.wikidata.org/wiki/Q127043,https://www.wikidata.org/wiki/Q8441,https://www.wikidata.org/wiki/Q86538,http://viaf.org/viaf/95178340,2735,PL_BezCenzury_articles;CZ_articles,,,,,,,False
"Schwarzenberg, Karel",Schwarzenberg,Karel,1937-12-10T00:00:00Z,,https://www.wikidata.org/wiki/Q82955|https://www.wikidata.org/wiki/Q193391|https://www.wikidata.org/wiki/Q380075|https://www.wikidata.org/wiki/Q131524,https://www.wikidata.org/wiki/Q1085,,https://www.wikidata.org/wiki/Q8441,https://www.wikidata.org/wiki/Q58195,http://viaf.org/viaf/24650373,2736,CZ_articles,,,,,,,False
"Sviták, Ivan",Sviták,Ivan,1925-10-10T00:00:00Z,1994-10-20T00:00:00Z,https://www.wikidata.org/wiki/Q1231865|https://www.wikidata.org/wiki/Q4964182|https://www.wikidata.org/wiki/Q49757|https://www.wikidata.org/wiki/Q36180|https://www.wikidata.org/wiki/Q82955,https://www.wikidata.org/wiki/Q638306,https://www.wikidata.org/wiki/Q1085,https://www.wikidata.org/wiki/Q8441,https://www.wikidata.org/wiki/Q3502718,http://viaf.org/viaf/92685980,2737,CZ_articles,,,,,,,False
"Měšťan, Antonín",Měšťan,Antonín,1930-08-29T00:00:00Z,2004-05-30T00:00:00Z,https://www.wikidata.org/wiki/Q15976341|https://www.wikidata.org/wiki/Q13570226|https://www.wikidata.org/wiki/Q25339110|https://www.wikidata.org/wiki/Q333634,https://www.wikidata.org/wiki/Q1085,https://www.wikidata.org/wiki/Q36378,https://www.wikidata.org/wiki/Q8441,https://www.wikidata.org/wiki/Q9157985,http://viaf.org/viaf/7406681,2738,CZ_articles,,,,,,,False
"Prečan, Vilém",Prečan,Vilém,1933-01-09T00:00:00Z,,https://www.wikidata.org/wiki/Q1231865,https://www.wikidata.org/wiki/Q81137,,https://www.wikidata.org/wiki/Q8441,https://www.wikidata.org/wiki/Q11899921,http://viaf.org/viaf/46774112,2739,CZ_articles,,,,,,,False
"Moudrý, Karel",Moudrý,Karel,1947-12-24T00:00:00Z,2009-03-22T00:00:00Z,https://www.wikidata.org/wiki/Q42909|https://www.wikidata.org/wiki/Q36180|https://www.wikidata.org/wiki/Q876864|https://www.wikidata.org/wiki/Q6051619,https://www.wikidata.org/wiki/Q1085,,https://www.wikidata.org/wiki/Q8441,https://www.wikidata.org/wiki/Q95231009,http://viaf.org/viaf/84978059,2740,CZ_articles,,,,,,,False
"Tigridová, Ivana",Tigridová,Ivana,1926,2008,,,,,,http://viaf.org/viaf/160558321,2741,CZ_articles,,,,,,,False
"Janouch, František",Janouch,František,1931-09-22T00:00:00Z,,https://www.wikidata.org/wiki/Q169470|https://www.wikidata.org/wiki/Q36180,https://www.wikidata.org/wiki/Q1018859,,https://www.wikidata.org/wiki/Q8441,https://www.wikidata.org/wiki/Q5828209,http://viaf.org/viaf/100271120,2742,PL_BezCenzury_articles;CZ_articles,,,,,,,False
"Kyncl, Karel",Kyncl,Karel,1927-01-06T00:00:00Z,1997-04-01T00:00:00Z,https://www.wikidata.org/wiki/Q33999|https://www.wikidata.org/wiki/Q487596|https://www.wikidata.org/wiki/Q1930187|https://www.wikidata.org/wiki/Q36180|https://www.wikidata.org/wiki/Q333634,https://www.wikidata.org/wiki/Q393474,https://www.wikidata.org/wiki/Q84,https://www.wikidata.org/wiki/Q8441,https://www.wikidata.org/wiki/Q12028357,http://viaf.org/viaf/426684,2743,CZ_articles,,,,,,,False
"Dobeš, Pavel",Dobeš,Pavel,1949-03-22T00:00:00Z,,https://www.wikidata.org/wiki/Q488205|https://www.wikidata.org/wiki/Q177220,https://www.wikidata.org/wiki/Q48194,,https://www.wikidata.org/wiki/Q8441,https://www.wikidata.org/wiki/Q12044032,http://viaf.org/viaf/68197074,2744,CZ_articles,,,,,,,False
"Nos, Pepa",Nos,Pepa,1949-05-16T00:00:00Z,,https://www.wikidata.org/wiki/Q33999|https://www.wikidata.org/wiki/Q488205|https://www.wikidata.org/wiki/Q49757|https://www.wikidata.org/wiki/Q82955|https://www.wikidata.org/wiki/Q822146|https://www.wikidata.org/wiki/Q36834,https://www.wikidata.org/wiki/Q392692,,https://www.wikidata.org/wiki/Q8441,https://www.wikidata.org/wiki/Q160744,http://viaf.org/viaf/84913686,2745,PL_BezCenzury_articles;CZ_articles,Pepa Nos,,,,,,False
"Veit, Vladimír",Veit,Vladimír,1948-02-13T00:00:00Z,,https://www.wikidata.org/wiki/Q1294626|https://www.wikidata.org/wiki/Q488205|https://www.wikidata.org/wiki/Q177220,https://www.wikidata.org/wiki/Q470394,,https://www.wikidata.org/wiki/Q8441,https://www.wikidata.org/wiki/Q11910136,http://viaf.org/viaf/84000430,2746,CZ_articles,,,,,,,False
"Chadima, Mikoláš",Chadima,Mikoláš,1952-09-09T00:00:00Z,,https://www.wikidata.org/wiki/Q1294626|https://www.wikidata.org/wiki/Q36834|https://www.wikidata.org/wiki/Q822146|https://www.wikidata.org/wiki/Q6051619|https://www.wikidata.org/wiki/Q486748,https://www.wikidata.org/wiki/Q193719,,https://www.wikidata.org/wiki/Q8441,https://www.wikidata.org/wiki/Q12036885,http://viaf.org/viaf/84005627,2747,CZ_articles,,,,,,,False
"Kwiatkowski, Stanisław",Kwiatkowski,Stanisław,1939-01-22T00:00:00Z,,https://www.wikidata.org/wiki/Q2306091,https://www.wikidata.org/wiki/Q1989523,,https://www.wikidata.org/wiki/Q8441,https://www.wikidata.org/wiki/Q9342429,http://viaf.org/viaf/4775044,2748,CZ_articles,,,,,,,False
"Iranek-Osmecki, Jerzy",Iranek-Osmecki,Jerzy,,,,,,,,http://viaf.org/viaf/161330415,2753,CZ_articles,,,,,,,False
"Kamiński, Andrzej",Kamiński,Andrzej,1921-06-20T00:00:00Z,1985-02-04T00:00:00Z,https://www.wikidata.org/wiki/Q1622272|https://www.wikidata.org/wiki/Q201788,https://www.wikidata.org/wiki/Q270,https://www.wikidata.org/wiki/Q2871,https://www.wikidata.org/wiki/Q8441,https://www.wikidata.org/wiki/Q515004,http://viaf.org/viaf/101889196,2754,CZ_articles,,,,,,,False
"Biňovec, Karel",Biňovec,Karel,1924-10-23T00:00:00Z,1991-06-30T00:00:00Z,https://www.wikidata.org/wiki/Q82955|https://www.wikidata.org/wiki/Q1930187|https://www.wikidata.org/wiki/Q36180,https://www.wikidata.org/wiki/Q1085,https://www.wikidata.org/wiki/Q8385,https://www.wikidata.org/wiki/Q8441,https://www.wikidata.org/wiki/Q12028132,http://viaf.org/viaf/20092448,2755,CZ_articles,,,,,,,False
"Tomský, Alexander",Tomský,Alexander,1947-12-13T00:00:00Z,,https://www.wikidata.org/wiki/Q1231865|https://www.wikidata.org/wiki/Q1642960|https://www.wikidata.org/wiki/Q36180|https://www.wikidata.org/wiki/Q1238570|https://www.wikidata.org/wiki/Q333634|https://www.wikidata.org/wiki/Q6051619,https://www.wikidata.org/wiki/Q986077,,https://www.wikidata.org/wiki/Q8441,https://www.wikidata.org/wiki/Q10771229,http://viaf.org/viaf/202044903,2756,CZ_articles,,,,,,,False
"Vincenz, Andrzej",Vincenz,Andrzej,1922-01-01T00:00:00Z,2014-08-15T00:00:00Z,https://www.wikidata.org/wiki/Q15976341,https://www.wikidata.org/wiki/Q31487,https://www.wikidata.org/wiki/Q2966,https://www.wikidata.org/wiki/Q8441,https://www.wikidata.org/wiki/Q9153858,http://viaf.org/viaf/51706493,2757,CZ_articles,,,,,,,False
"Fiala, Ivan",Fiala,Ivan,1941-08-25T00:00:00Z,2018-07-13T00:00:00Z,https://www.wikidata.org/wiki/Q3077353,https://www.wikidata.org/wiki/Q1780,https://www.wikidata.org/wiki/Q1780,https://www.wikidata.org/wiki/Q8441,https://www.wikidata.org/wiki/Q11714316,http://viaf.org/viaf/300509547,2758,CZ_articles,,,,,,,False
"Kružhák, Imrich",Kružhák,Imrich,1950-02-13T00:00:00Z,,https://www.wikidata.org/wiki/Q82955,https://www.wikidata.org/wiki/Q93323,,https://www.wikidata.org/wiki/Q8441,https://www.wikidata.org/wiki/Q9393206,,2759,CZ_articles,,,,,,,False
"Štrauss, Tomáš",Štrauss,Tomáš,1931,2013,,,,,,http://viaf.org/viaf/40244524,2760,CZ_articles,,,,,,,False
"Beneš, Jan",Beneš,Jan,1936-03-26T00:00:00Z,2007-06-01T00:00:00Z,https://www.wikidata.org/wiki/Q487596|https://www.wikidata.org/wiki/Q36180|https://www.wikidata.org/wiki/Q5716684|https://www.wikidata.org/wiki/Q3391743|https://www.wikidata.org/wiki/Q28389|https://www.wikidata.org/wiki/Q333634|https://www.wikidata.org/wiki/Q6051619,https://www.wikidata.org/wiki/Q1085,https://www.wikidata.org/wiki/Q2362899,https://www.wikidata.org/wiki/Q8441,https://www.wikidata.org/wiki/Q159674,http://viaf.org/viaf/97666935,2761,PL_BezCenzury_articles;CZ_articles,,,,,,,False
"Rushdie, Salman",Rushdie,Salman,1947-06-19T00:00:00Z,,https://www.wikidata.org/wiki/Q33999|https://www.wikidata.org/wiki/Q4853732|https://www.wikidata.org/wiki/Q36180|https://www.wikidata.org/wiki/Q28389|https://www.wikidata.org/wiki/Q6625963|https://www.wikidata.org/wiki/Q11774202,https://www.wikidata.org/wiki/Q1156,,https://www.wikidata.org/wiki/Q8441,https://www.wikidata.org/wiki/Q44306,http://viaf.org/viaf/29540187,2762,CZ_articles,,,,,,,False
"Šavrda, Jaromír",Šavrda,Jaromír,1933-05-25T00:00:00Z,1988-05-02T00:00:00Z,https://www.wikidata.org/wiki/Q182436|https://www.wikidata.org/wiki/Q1231865|https://www.wikidata.org/wiki/Q49757|https://www.wikidata.org/wiki/Q36180|https://www.wikidata.org/wiki/Q18844224,https://www.wikidata.org/wiki/Q8385,https://www.wikidata.org/wiki/Q8385,https://www.wikidata.org/wiki/Q8441,https://www.wikidata.org/wiki/Q12023697,http://viaf.org/viaf/27479945,2763,CZ_articles,,,,,,,False
"Bem, Józef",Bem,Józef,1794-03-14T00:00:00Z,1850-12-10T00:00:00Z,https://www.wikidata.org/wiki/Q47064|https://www.wikidata.org/wiki/Q81096,https://www.wikidata.org/wiki/Q106281,https://www.wikidata.org/wiki/Q41183,https://www.wikidata.org/wiki/Q8441,https://www.wikidata.org/wiki/Q266339,http://viaf.org/viaf/46750903,2764,CZ_articles,J.-B. Gluchowski,,,,,,False
"Wasilewska, Wanda",Wasilewska,Wanda,1905-01-21T00:00:00Z,1964-07-29T00:00:00Z,https://www.wikidata.org/wiki/Q82955|https://www.wikidata.org/wiki/Q1930187|https://www.wikidata.org/wiki/Q36180|https://www.wikidata.org/wiki/Q28389,https://www.wikidata.org/wiki/Q31487,https://www.wikidata.org/wiki/Q1899,https://www.wikidata.org/wiki/Q467,https://www.wikidata.org/wiki/Q256327,http://viaf.org/viaf/45098571,2765,CZ_articles,,,,,,,False
"Cieslar, Jiří",Cieslar,Jiří,1951-02-07T00:00:00Z❦1951-07-02T00:00:00Z,2006-01-16T00:00:00Z❦2006-01-17T00:00:00Z,https://www.wikidata.org/wiki/Q1930187|https://www.wikidata.org/wiki/Q4263842|https://www.wikidata.org/wiki/Q1231865|https://www.wikidata.org/wiki/Q2251335|https://www.wikidata.org/wiki/Q876864|https://www.wikidata.org/wiki/Q36180|https://www.wikidata.org/wiki/Q4220892,https://www.wikidata.org/wiki/Q1085,https://www.wikidata.org/wiki/Q1085,https://www.wikidata.org/wiki/Q8441,https://www.wikidata.org/wiki/Q12025084,http://viaf.org/viaf/33626022,2766,CZ_articles,,,,,,,False
"Mludek, Ivo",Mludek,Ivo,1964-08-27T00:00:00Z,,,https://www.wikidata.org/wiki/Q156080,,https://www.wikidata.org/wiki/Q8441,https://www.wikidata.org/wiki/Q107505781,http://viaf.org/viaf/85828153,2767,CZ_articles,,,,,,,False
"Ciosek, Stanisław",Ciosek,Stanisław,1939-05-02T00:00:00Z,,https://www.wikidata.org/wiki/Q82955|https://www.wikidata.org/wiki/Q193391,https://www.wikidata.org/wiki/Q7156380,,https://www.wikidata.org/wiki/Q8441,https://www.wikidata.org/wiki/Q9341747,http://viaf.org/viaf/164112269,2768,CZ_articles,,,,,,,False
"Slomka, Adam",Slomka,Adam,1964-11-23T00:00:00Z,,https://www.wikidata.org/wiki/Q82955,https://www.wikidata.org/wiki/Q321197,,https://www.wikidata.org/wiki/Q8441,https://www.wikidata.org/wiki/Q11684387,http://viaf.org/viaf/284497132,2769,CZ_articles,,,,,,,False
"Wójcik, Dariusz",Wójcik,Dariusz,1961-04-09T00:00:00Z,,https://www.wikidata.org/wiki/Q82955,https://www.wikidata.org/wiki/Q234184,,https://www.wikidata.org/wiki/Q8441,https://www.wikidata.org/wiki/Q11693004,http://viaf.org/viaf/311314830,2770,CZ_articles,,,,,,,False
"Lenyk, Zygmund",Lenyk,Zygmund,,,,,,,,,2771,CZ_articles,,,,,,,False
"Kurowski, Bogdan",Kurowski,Bogdan,,,,,,,,http://viaf.org/viaf/41156856484249602182,2774,CZ_articles,,,,,,,False
"Szczepański, Józef",Szczepański,Józef,1919-01-12T00:00:00Z,2003-02-20T00:00:00Z,https://www.wikidata.org/wiki/Q36180,https://www.wikidata.org/wiki/Q270,https://www.wikidata.org/wiki/Q31487,https://www.wikidata.org/wiki/Q8441,https://www.wikidata.org/wiki/Q11717849,http://viaf.org/viaf/100195809,2777,CZ_articles,Ali|Roman Konarski|Józef Janowski,,,,,,False
"Ziembicki, Wojciech",Ziembicki,Wojciech,,,,,,,,http://viaf.org/viaf/313521096,2780,CZ_articles,,,,,,,False
"Frasyniuk, Bogdan",Frasyniuk,Bogdan,,,,,,,,,2781,CZ_articles,,,,,,,False
"Taylor, Jacek",Taylor,Jacek,1939-09-25T00:00:00Z,,https://www.wikidata.org/wiki/Q82955|https://www.wikidata.org/wiki/Q380075,https://www.wikidata.org/wiki/Q268,,https://www.wikidata.org/wiki/Q8441,https://www.wikidata.org/wiki/Q11715619,http://viaf.org/viaf/311276505,2783,CZ_articles,,,,,,,False
"Labuda, Marek",Labuda,Marek,,,,,,,,http://viaf.org/viaf/102209056,2784,CZ_articles,,,,,,,False
"Witkowski, Mirosław",Witkowski,Mirosław,1955-03-24T00:00:00Z,,https://www.wikidata.org/wiki/Q7886765,,,https://www.wikidata.org/wiki/Q8441,https://www.wikidata.org/wiki/Q11781965,http://viaf.org/viaf/58646770,2787,CZ_articles,,,,,,,False
"Pękala, Leszek",Pękala,Leszek,,,,,,,,http://viaf.org/viaf/50150516740503442080,2790,CZ_articles,,,,,,,False
"Chmielewski, Waldemar",Chmielewski,Waldemar,1955-02-28T00:00:00Z,,https://www.wikidata.org/wiki/Q1238570,https://www.wikidata.org/wiki/Q1799,,https://www.wikidata.org/wiki/Q8441,https://www.wikidata.org/wiki/Q9370122,http://viaf.org/viaf/6742151778230718130001,2791,CZ_articles,,,,,,,False
"Pietruszka, Adam",Pietruszka,Adam,1938-07-19T00:00:00Z,,https://www.wikidata.org/wiki/Q4002659,https://www.wikidata.org/wiki/Q202160,,https://www.wikidata.org/wiki/Q8441,https://www.wikidata.org/wiki/Q9140153,http://viaf.org/viaf/303832593,2792,CZ_articles,,,,,,,False
"Ciastoń, Władysław",Ciastoń,Władysław,1924-12-16T00:00:00Z,2021-06-04T00:00:00Z,https://www.wikidata.org/wiki/Q82955,https://www.wikidata.org/wiki/Q31487,,https://www.wikidata.org/wiki/Q8441,https://www.wikidata.org/wiki/Q11838190,http://viaf.org/viaf/302115863,2793,CZ_articles,,,,,,,False
"Płatek, Zenon",Płatek,Zenon,1927-09-06T00:00:00Z,2009-06-20T00:00:00Z,,https://www.wikidata.org/wiki/Q4537086,https://www.wikidata.org/wiki/Q270,https://www.wikidata.org/wiki/Q8441,https://www.wikidata.org/wiki/Q9390126,http://viaf.org/viaf/50906655,2794,CZ_articles,,,,,,,False
"Łopatka, Adam",Łopatka,Adam,1928-11-10T00:00:00Z,2003-06-14T00:00:00Z,https://www.wikidata.org/wiki/Q4594605,https://www.wikidata.org/wiki/Q7664760,,https://www.wikidata.org/wiki/Q8441,https://www.wikidata.org/wiki/Q351395,http://viaf.org/viaf/39930425,2795,CZ_articles,,,,,,,False
"Antonowicz, Marcin",Antonowicz,Marcin,1966-11-22T00:00:00Z,1985-11-02T00:00:00Z,https://www.wikidata.org/wiki/Q48282,https://www.wikidata.org/wiki/Q82765,https://www.wikidata.org/wiki/Q82765,https://www.wikidata.org/wiki/Q8441,https://www.wikidata.org/wiki/Q11767473,http://viaf.org/viaf/304205387,2796,CZ_articles,,,,,,,False
"Mitręga, Jan",Mitręga,Jan,1917-04-21T00:00:00Z,2007-11-08T00:00:00Z,https://www.wikidata.org/wiki/Q82955,https://www.wikidata.org/wiki/Q11779429,https://www.wikidata.org/wiki/Q588,https://www.wikidata.org/wiki/Q8441,https://www.wikidata.org/wiki/Q11718428,http://viaf.org/viaf/85774747,2797,CZ_articles,,,,,,,False
Gaxotte Pierre,Gaxotte,Pierre,1895-11-19T00:00:00Z,1982-11-21T00:00:00Z,https://www.wikidata.org/wiki/Q1930187|https://www.wikidata.org/wiki/Q201788,https://www.wikidata.org/wiki/Q1159425,https://www.wikidata.org/wiki/Q187153,https://www.wikidata.org/wiki/Q8441,https://www.wikidata.org/wiki/Q727576,http://viaf.org/viaf/2470681,28,PL_BN_books,,,,,,,False
Bastiat Fryderyk,Bastiat,Fryderyk,1801-06-30T00:00:00Z,1850-12-24T00:00:00Z,https://www.wikidata.org/wiki/Q4964182|https://www.wikidata.org/wiki/Q4594605|https://www.wikidata.org/wiki/Q82955|https://www.wikidata.org/wiki/Q1227195|https://www.wikidata.org/wiki/Q11774202,https://www.wikidata.org/wiki/Q134674,https://www.wikidata.org/wiki/Q220,https://www.wikidata.org/wiki/Q8441,https://www.wikidata.org/wiki/Q13515,http://viaf.org/viaf/2466087,280,PL_BN_books,,,,,,,False
"Łazarski, Kazimierz",Łazarski,Kazimierz,,,,,,,,http://viaf.org/viaf/299660024,2804,CZ_articles,,,,,,,False
"Jagielski, Mieczysław",Jagielski,Mieczysław,1924-01-12T00:00:00Z,1997-02-27T00:00:00Z,https://www.wikidata.org/wiki/Q82955|https://www.wikidata.org/wiki/Q1227195,https://www.wikidata.org/wiki/Q52193,https://www.wikidata.org/wiki/Q270,https://www.wikidata.org/wiki/Q8441,https://www.wikidata.org/wiki/Q2332266,http://viaf.org/viaf/37927662,2806,CZ_articles,,,,,,,False
"Brandt, Willy",Brandt,Willy,1913-12-18T00:00:00Z,1992-10-08T00:00:00Z,https://www.wikidata.org/wiki/Q15980158|https://www.wikidata.org/wiki/Q18814623|https://www.wikidata.org/wiki/Q82955|https://www.wikidata.org/wiki/Q1930187,https://www.wikidata.org/wiki/Q2843,https://www.wikidata.org/wiki/Q498589,https://www.wikidata.org/wiki/Q8441,https://www.wikidata.org/wiki/Q2514,http://viaf.org/viaf/41837116,2807,CZ_articles,,,,,,,False
"Mitterrand, François",Mitterrand,François,1916-10-26T00:00:00Z,1996-01-08T00:00:00Z,https://www.wikidata.org/wiki/Q82955|https://www.wikidata.org/wiki/Q380075|https://www.wikidata.org/wiki/Q1930187,https://www.wikidata.org/wiki/Q217173,https://www.wikidata.org/wiki/Q259463,https://www.wikidata.org/wiki/Q8441,https://www.wikidata.org/wiki/Q2038,http://viaf.org/viaf/104259620,2808,CZ_articles,,,,,,,False
"Engels, Friedrich",Engels,Friedrich,1820-11-28T00:00:00Z,1895-08-05T00:00:00Z❦1895-08-04T00:00:00Z,https://www.wikidata.org/wiki/Q1930187|https://www.wikidata.org/wiki/Q15319501|https://www.wikidata.org/wiki/Q34074720|https://www.wikidata.org/wiki/Q4964182|https://www.wikidata.org/wiki/Q36180|https://www.wikidata.org/wiki/Q2306091|https://www.wikidata.org/wiki/Q1227195|https://www.wikidata.org/wiki/Q3242115|https://www.wikidata.org/wiki/Q15994177,https://www.wikidata.org/wiki/Q153974,https://www.wikidata.org/wiki/Q84,https://www.wikidata.org/wiki/Q8441,https://www.wikidata.org/wiki/Q34787,http://viaf.org/viaf/68928644,2809,CZ_articles,,,,,,,False
Kijowski Andrzej,Kijowski,Andrzej,1928-11-29T00:00:00Z,1985-06-29T00:00:00Z,https://www.wikidata.org/wiki/Q4263842|https://www.wikidata.org/wiki/Q36180|https://www.wikidata.org/wiki/Q28389|https://www.wikidata.org/wiki/Q333634,https://www.wikidata.org/wiki/Q31487,https://www.wikidata.org/wiki/Q270,https://www.wikidata.org/wiki/Q8441,https://www.wikidata.org/wiki/Q1607497,http://viaf.org/viaf/111687174,281,CZ_articles;PL_BN_books,Dedal,,,,,,False
"Albinowski, Stanisław",Albinowski,Stanisław,1923-07-20T00:00:00Z,2005-01-25T00:00:00Z,https://www.wikidata.org/wiki/Q1930187|https://www.wikidata.org/wiki/Q1227195,https://www.wikidata.org/wiki/Q36036,,https://www.wikidata.org/wiki/Q8441,https://www.wikidata.org/wiki/Q7599107,http://viaf.org/viaf/44741785,2810,CZ_articles,,,,,,,False
"Štogr, Josef",Štogr,Josef,1957-05-24T00:00:00Z,,https://www.wikidata.org/wiki/Q4964182|https://www.wikidata.org/wiki/Q49757|https://www.wikidata.org/wiki/Q876864|https://www.wikidata.org/wiki/Q3391743|https://www.wikidata.org/wiki/Q6051619,https://www.wikidata.org/wiki/Q155993,,https://www.wikidata.org/wiki/Q8441,https://www.wikidata.org/wiki/Q95472681,http://viaf.org/viaf/58816200,2812,CZ_articles,Shorty,,,,,,False
"Walaszek, A.",Walaszek,A.,1951-01-01T00:00:00Z,,https://www.wikidata.org/wiki/Q201788,,,https://www.wikidata.org/wiki/Q8441,https://www.wikidata.org/wiki/Q11684392,http://viaf.org/viaf/94287847,2813,CZ_articles,,,,,,,False
"Jaroszewicz, Piotr",Jaroszewicz,Piotr,1909-10-08T00:00:00Z,1992-08-31T00:00:00Z❦1992-09-01T00:00:00Z,https://www.wikidata.org/wiki/Q2251335|https://www.wikidata.org/wiki/Q82955,https://www.wikidata.org/wiki/Q201230,https://www.wikidata.org/wiki/Q9154799,https://www.wikidata.org/wiki/Q8441,https://www.wikidata.org/wiki/Q742189,http://viaf.org/viaf/1069766,2815,CZ_articles,,,,,,,False
"Novotný, Antonín",Novotný,Antonín,1891-05-15T00:00:00Z,1978-02-28T00:00:00Z,https://www.wikidata.org/wiki/Q1162163|https://www.wikidata.org/wiki/Q36180|https://www.wikidata.org/wiki/Q1792450|https://www.wikidata.org/wiki/Q10333969|https://www.wikidata.org/wiki/Q333634,https://www.wikidata.org/wiki/Q1085,https://www.wikidata.org/wiki/Q486479,https://www.wikidata.org/wiki/Q8441,https://www.wikidata.org/wiki/Q26133487,http://viaf.org/viaf/117535493,2816,CZ_articles,,,,,,,False
"Moczar, Mieczysław",Moczar,Mieczysław,1913-12-25T00:00:00Z,1986-11-01T00:00:00Z,https://www.wikidata.org/wiki/Q82955|https://www.wikidata.org/wiki/Q83307,https://www.wikidata.org/wiki/Q580,https://www.wikidata.org/wiki/Q270,https://www.wikidata.org/wiki/Q8441,https://www.wikidata.org/wiki/Q1356183,http://viaf.org/viaf/8229660,2819,CZ_articles,,,,,,,False
Kirkpatrick Jeane Jordan,Kirkpatrick,Jeane Jordan,1926-11-19T00:00:00Z,2006-12-07T00:00:00Z,https://www.wikidata.org/wiki/Q1622272|https://www.wikidata.org/wiki/Q82955|https://www.wikidata.org/wiki/Q193391|https://www.wikidata.org/wiki/Q1238570,https://www.wikidata.org/wiki/Q3041247,https://www.wikidata.org/wiki/Q584451,https://www.wikidata.org/wiki/Q467,https://www.wikidata.org/wiki/Q240534,http://viaf.org/viaf/71474039,282,PL_BN_books,,,,,,,False
"Biľak, Vasil",Biľak,Vasil,1917-08-11T00:00:00Z,2014-02-06T00:00:00Z,https://www.wikidata.org/wiki/Q82955,https://www.wikidata.org/wiki/Q853778,https://www.wikidata.org/wiki/Q1780,https://www.wikidata.org/wiki/Q8441,https://www.wikidata.org/wiki/Q1420607,http://viaf.org/viaf/45103056,2821,CZ_articles,,,,,,,False
"Semil, Małgorzata",Semil,Małgorzata,,,,,,,,http://viaf.org/viaf/57932047,2822,CZ_articles,,,,,,,False
"Wysińska, Elżbieta",Wysińska,Elżbieta,1934,2014,,,,,,http://viaf.org/viaf/45556759,2823,CZ_articles,,,,,,,False
"Gawlik, Jan Paweł",Gawlik,Jan Paweł,1924-05-03T00:00:00Z,2017-03-22T00:00:00Z,https://www.wikidata.org/wiki/Q487596|https://www.wikidata.org/wiki/Q10379007|https://www.wikidata.org/wiki/Q17337766|https://www.wikidata.org/wiki/Q1776724|https://www.wikidata.org/wiki/Q11774202,https://www.wikidata.org/wiki/Q36036,https://www.wikidata.org/wiki/Q31487,https://www.wikidata.org/wiki/Q8441,https://www.wikidata.org/wiki/Q11718639,http://viaf.org/viaf/118605751,2824,CZ_articles,,,,,,,False
"Jankowski, Wojciech",Jankowski,Wojciech,,,,,,,,http://viaf.org/viaf/308734770,2825,CZ_articles,,,,,,,False
"Bieńkowska, Ewa",Bieńkowska,Ewa,1943-09-13T00:00:00Z,,https://www.wikidata.org/wiki/Q11774202,https://www.wikidata.org/wiki/Q270,,https://www.wikidata.org/wiki/Q467,https://www.wikidata.org/wiki/Q11697394,http://viaf.org/viaf/88562173,2827,CZ_books,,,,,,,False
"Michalik, Rafał",Michalik,Rafał,,,,,,,,http://viaf.org/viaf/101989078,2828,CZ_books,,,,,,,False
Kiš Danilo,Kiš,Danilo,1935-02-22T00:00:00Z,1989-10-15T00:00:00Z,https://www.wikidata.org/wiki/Q6625963|https://www.wikidata.org/wiki/Q49757|https://www.wikidata.org/wiki/Q36180|https://www.wikidata.org/wiki/Q28389,https://www.wikidata.org/wiki/Q170287,https://www.wikidata.org/wiki/Q90,https://www.wikidata.org/wiki/Q8441,https://www.wikidata.org/wiki/Q310562,http://viaf.org/viaf/111457185,283,CZ_articles;PL_BN_books,,,,,,,False
"Kuryluk, Ewa",Kuryluk,Ewa,1946-05-05T00:00:00Z,,https://www.wikidata.org/wiki/Q10694573|https://www.wikidata.org/wiki/Q1028181|https://www.wikidata.org/wiki/Q36180|https://www.wikidata.org/wiki/Q1792450|https://www.wikidata.org/wiki/Q4164507|https://www.wikidata.org/wiki/Q33231,https://www.wikidata.org/wiki/Q31487,,https://www.wikidata.org/wiki/Q467,https://www.wikidata.org/wiki/Q8960593,http://viaf.org/viaf/14784474,2831,CZ_books;CZ_articles,,,,,,,False
"Sztaudynger, Jan",Sztaudynger,Jan,1904-04-28T00:00:00Z,1970-09-12T00:00:00Z,https://www.wikidata.org/wiki/Q9334029|https://www.wikidata.org/wiki/Q49757|https://www.wikidata.org/wiki/Q36180,https://www.wikidata.org/wiki/Q31487,https://www.wikidata.org/wiki/Q31487,https://www.wikidata.org/wiki/Q8441,https://www.wikidata.org/wiki/Q1976679,http://viaf.org/viaf/41967286,2832,CZ_books,,,,,,,False
"Wojaczek, Rafał",Wojaczek,Rafał,1945-12-06T00:00:00Z❦1945-12-07T00:00:00Z,1971-05-11T00:00:00Z,https://www.wikidata.org/wiki/Q49757|https://www.wikidata.org/wiki/Q36180,https://www.wikidata.org/wiki/Q659905,https://www.wikidata.org/wiki/Q1799,https://www.wikidata.org/wiki/Q8441,https://www.wikidata.org/wiki/Q963705,http://viaf.org/viaf/4940936,2833,CZ_books;CZ_articles,,,,,,,False
"Norwid, Cyprian Kamil",Norwid,Cyprian Kamil,1821-09-24T00:00:00Z,1883-05-23T00:00:00Z,https://www.wikidata.org/wiki/Q487596|https://www.wikidata.org/wiki/Q1281618|https://www.wikidata.org/wiki/Q1028181|https://www.wikidata.org/wiki/Q627325|https://www.wikidata.org/wiki/Q49757|https://www.wikidata.org/wiki/Q36180,https://www.wikidata.org/wiki/Q772196,https://www.wikidata.org/wiki/Q90,https://www.wikidata.org/wiki/Q8441,https://www.wikidata.org/wiki/Q340122,http://viaf.org/viaf/95155044,2834,CZ_books;CZ_articles,,,,,,,False
"Styczeń, Janusz",Styczeń,Janusz,1939-11-27T00:00:00Z,,https://www.wikidata.org/wiki/Q33999|https://www.wikidata.org/wiki/Q49757|https://www.wikidata.org/wiki/Q36180,https://www.wikidata.org/wiki/Q4902414,,https://www.wikidata.org/wiki/Q8441,https://www.wikidata.org/wiki/Q11720496,http://viaf.org/viaf/67718557,2835,CZ_books,,,,,,,False
"Hirszowicz, Maria",Hirszowicz,Maria,1925-07-11T00:00:00Z,2007-07-03T00:00:00Z,https://www.wikidata.org/wiki/Q2306091,,,https://www.wikidata.org/wiki/Q467,https://www.wikidata.org/wiki/Q11768898,http://viaf.org/viaf/27087034,2836,CZ_books,,,,,,,False
Jerzy Popiełuszko,Jerzy Popiełuszko,Jerzy Popiełuszko,1947-09-14T00:00:00Z,1984-10-19T00:00:00Z,https://www.wikidata.org/wiki/Q250867|https://www.wikidata.org/wiki/Q7886765,https://www.wikidata.org/wiki/Q5756175,https://www.wikidata.org/wiki/Q106681,https://www.wikidata.org/wiki/Q8441,https://www.wikidata.org/wiki/Q156277,http://viaf.org/viaf/89727493,2837,CZ_books;CZ_articles,,,,,,,False
"Merton, Thomas",Merton,Thomas,1915-01-15T00:00:00Z❦1915-01-31T00:00:00Z,1968-12-10T00:00:00Z,https://www.wikidata.org/wiki/Q18814623|https://www.wikidata.org/wiki/Q1930187|https://www.wikidata.org/wiki/Q99521081|https://www.wikidata.org/wiki/Q16323111|https://www.wikidata.org/wiki/Q49757|https://www.wikidata.org/wiki/Q36180|https://www.wikidata.org/wiki/Q250867|https://www.wikidata.org/wiki/Q1234713|https://www.wikidata.org/wiki/Q11774202,https://www.wikidata.org/wiki/Q212450,https://www.wikidata.org/wiki/Q1861,https://www.wikidata.org/wiki/Q8441,https://www.wikidata.org/wiki/Q335011,http://viaf.org/viaf/54151446,2838,CZ_books,,,,,,,False
"Maliński, Mieczysław",Maliński,Mieczysław,1923-10-31T00:00:00Z,2017-01-15T00:00:00Z,https://www.wikidata.org/wiki/Q1930187|https://www.wikidata.org/wiki/Q49757|https://www.wikidata.org/wiki/Q36180|https://www.wikidata.org/wiki/Q250867|https://www.wikidata.org/wiki/Q1234713|https://www.wikidata.org/wiki/Q6051619,https://www.wikidata.org/wiki/Q776418,https://www.wikidata.org/wiki/Q31487,https://www.wikidata.org/wiki/Q8441,https://www.wikidata.org/wiki/Q6843569,http://viaf.org/viaf/93750574,2839,CZ_books,,,,,,,False
"Winowska, Maria",Winowska,Maria,1904-02-21T00:00:00Z,1993-04-04T00:00:00Z,https://www.wikidata.org/wiki/Q1930187,https://www.wikidata.org/wiki/Q149159,https://www.wikidata.org/wiki/Q90,https://www.wikidata.org/wiki/Q467,https://www.wikidata.org/wiki/Q593242,http://viaf.org/viaf/88047893,2840,CZ_books,,,,,,,False
"Krajewska, Elżbieta",Krajewska,Elżbieta,1923-01-27T00:00:00Z,1944-01-14T00:00:00Z,,,https://www.wikidata.org/wiki/Q7342,https://www.wikidata.org/wiki/Q467,https://www.wikidata.org/wiki/Q85860690,http://viaf.org/viaf/300540810,2841,CZ_books,,,,,,,False
"Schulz, Bruno",Schulz,Bruno,1892-07-12T00:00:00Z,1942-12-19T00:00:00Z❦1942-11-19T00:00:00Z,https://www.wikidata.org/wiki/Q1028181|https://www.wikidata.org/wiki/Q4263842|https://www.wikidata.org/wiki/Q627325|https://www.wikidata.org/wiki/Q15296811|https://www.wikidata.org/wiki/Q36180|https://www.wikidata.org/wiki/Q482980,https://www.wikidata.org/wiki/Q158821,https://www.wikidata.org/wiki/Q5308221,https://www.wikidata.org/wiki/Q8441,https://www.wikidata.org/wiki/Q148886,http://viaf.org/viaf/19684237,2843,CZ_books;CZ_articles,,,,,,,False
"Schulz, Bruno",Schulz,Bruno,1809-09-04T00:00:00Z❦1809-08-23T00:00:00Z,1849-04-04T00:00:00Z❦1849-04-03T00:00:00Z,https://www.wikidata.org/wiki/Q487596|https://www.wikidata.org/wiki/Q4964182|https://www.wikidata.org/wiki/Q49757|https://www.wikidata.org/wiki/Q36180|https://www.wikidata.org/wiki/Q193391|https://www.wikidata.org/wiki/Q333634,https://www.wikidata.org/wiki/Q849116,https://www.wikidata.org/wiki/Q90,https://www.wikidata.org/wiki/Q8441,https://www.wikidata.org/wiki/Q243267,http://viaf.org/viaf/22162790,2844,CZ_books,,,,,,,False
"Bakunin, Michail Aleksandrovič",Bakunin,Michail Aleksandrovič,1814-05-30T00:00:00Z,1876-07-01T00:00:00Z,https://www.wikidata.org/wiki/Q82955|https://www.wikidata.org/wiki/Q12961474|https://www.wikidata.org/wiki/Q36180|https://www.wikidata.org/wiki/Q4964182,https://www.wikidata.org/wiki/Q2111332,https://www.wikidata.org/wiki/Q70,https://www.wikidata.org/wiki/Q8441,https://www.wikidata.org/wiki/Q27645,http://viaf.org/viaf/27878824,2845,CZ_books,,,,,,,False
"Comte, Auguste",Comte,Auguste,1798-01-19T00:00:00Z❦1798-01-17T00:00:00Z,1857-09-05T00:00:00Z,https://www.wikidata.org/wiki/Q4964182|https://www.wikidata.org/wiki/Q170790|https://www.wikidata.org/wiki/Q2306091,https://www.wikidata.org/wiki/Q6441,https://www.wikidata.org/wiki/Q90,https://www.wikidata.org/wiki/Q8441,https://www.wikidata.org/wiki/Q12718,http://viaf.org/viaf/100176623,2846,CZ_books,,,,,,,False
"Guillaume, James",Guillaume,James,1844-02-16T00:00:00Z,1916-11-20T00:00:00Z,https://www.wikidata.org/wiki/Q12961474|https://www.wikidata.org/wiki/Q36180|https://www.wikidata.org/wiki/Q201788,https://www.wikidata.org/wiki/Q84,https://www.wikidata.org/wiki/Q685089,https://www.wikidata.org/wiki/Q8441,https://www.wikidata.org/wiki/Q116617,http://viaf.org/viaf/76424128,2847,CZ_books,,,,,,,False
"Cafiero, Carlo",Cafiero,Carlo,1846-09-01T00:00:00Z,1892-07-17T00:00:00Z,https://www.wikidata.org/wiki/Q12961474|https://www.wikidata.org/wiki/Q4964182|https://www.wikidata.org/wiki/Q1930187|https://www.wikidata.org/wiki/Q3242115,https://www.wikidata.org/wiki/Q13470,https://www.wikidata.org/wiki/Q81138,https://www.wikidata.org/wiki/Q8441,https://www.wikidata.org/wiki/Q563138,http://viaf.org/viaf/10990234,2849,CZ_books,,,,,,,False
"Lavrov, Petr Lavrovič",Lavrov,Petr Lavrovič,1823-06-14T00:00:00Z,1900-02-06T00:00:00Z,https://www.wikidata.org/wiki/Q1930187|https://www.wikidata.org/wiki/Q201788|https://www.wikidata.org/wiki/Q47064|https://www.wikidata.org/wiki/Q4964182|https://www.wikidata.org/wiki/Q4773904|https://www.wikidata.org/wiki/Q2306091|https://www.wikidata.org/wiki/Q170790,https://www.wikidata.org/wiki/Q101825,https://www.wikidata.org/wiki/Q90,https://www.wikidata.org/wiki/Q8441,https://www.wikidata.org/wiki/Q337628,http://viaf.org/viaf/33364298,2850,CZ_books,,,,,,,False
"Kropotkin, Petr Aleksejevič",Kropotkin,Petr Aleksejevič,1842-12-09T00:00:00Z,1921-02-08T00:00:00Z,https://www.wikidata.org/wiki/Q1930187|https://www.wikidata.org/wiki/Q18814623|https://www.wikidata.org/wiki/Q12961474|https://www.wikidata.org/wiki/Q1344452|https://www.wikidata.org/wiki/Q901402|https://www.wikidata.org/wiki/Q4964182|https://www.wikidata.org/wiki/Q36180|https://www.wikidata.org/wiki/Q350979|https://www.wikidata.org/wiki/Q82955|https://www.wikidata.org/wiki/Q1227195,https://www.wikidata.org/wiki/Q649,https://www.wikidata.org/wiki/Q102334,https://www.wikidata.org/wiki/Q8441,https://www.wikidata.org/wiki/Q5752,http://viaf.org/viaf/66469467,2851,CZ_books,,,,,,,False
Kurowski Stefan,Kurowski,Stefan,1923-03-11T00:00:00Z,2011-08-24T00:00:00Z,https://www.wikidata.org/wiki/Q1622272|https://www.wikidata.org/wiki/Q1227195,https://www.wikidata.org/wiki/Q216,https://www.wikidata.org/wiki/Q270,https://www.wikidata.org/wiki/Q8441,https://www.wikidata.org/wiki/Q9345136,http://viaf.org/viaf/79067810,2852,CZ_books;PL_BN_books,Janczak Hieronim,,,,,,False
"Andrasz, Josef",Andrasz,Josef,1891-10-16T00:00:00Z,1963-02-01T00:00:00Z,https://www.wikidata.org/wiki/Q36180,https://www.wikidata.org/wiki/Q186974,https://www.wikidata.org/wiki/Q31487,https://www.wikidata.org/wiki/Q8441,https://www.wikidata.org/wiki/Q11729856,http://viaf.org/viaf/55123758,2853,CZ_books,,,,,,,False
"Carter, Jimmy",Carter,Jimmy,1924-10-01T00:00:00Z,,https://www.wikidata.org/wiki/Q82955|https://www.wikidata.org/wiki/Q372436,https://www.wikidata.org/wiki/Q608527,,https://www.wikidata.org/wiki/Q8441,https://www.wikidata.org/wiki/Q23685,http://viaf.org/viaf/247888433,2854,CZ_books;CZ_articles,,,,,,,False
"Hegel, Georg Wilhelm Friedrich",Hegel,Georg Wilhelm Friedrich,1770-08-27T00:00:00Z,1831-11-14T00:00:00Z,https://www.wikidata.org/wiki/Q1622272|https://www.wikidata.org/wiki/Q4964182|https://www.wikidata.org/wiki/Q24265174,https://www.wikidata.org/wiki/Q1022,https://www.wikidata.org/wiki/Q64,https://www.wikidata.org/wiki/Q8441,https://www.wikidata.org/wiki/Q9235,http://viaf.org/viaf/89774942,2855,CZ_books;CZ_articles,,,,,,,False
"Marx, Karl",Marx,Karl,1818-05-05T00:00:00Z,1883-03-14T00:00:00Z,https://www.wikidata.org/wiki/Q1930187|https://www.wikidata.org/wiki/Q201788|https://www.wikidata.org/wiki/Q4964182|https://www.wikidata.org/wiki/Q49757|https://www.wikidata.org/wiki/Q2306091|https://www.wikidata.org/wiki/Q82955|https://www.wikidata.org/wiki/Q1227195|https://www.wikidata.org/wiki/Q3242115,https://www.wikidata.org/wiki/Q3138,https://www.wikidata.org/wiki/Q84,https://www.wikidata.org/wiki/Q8441,https://www.wikidata.org/wiki/Q9061,http://viaf.org/viaf/49228757,2856,CZ_books,Glückskind,,,,,,False
"Pascal, Blaise",Pascal,Blaise,1623-06-19T00:00:00Z,1662-08-19T00:00:00Z,https://www.wikidata.org/wiki/Q4964182|https://www.wikidata.org/wiki/Q1297719|https://www.wikidata.org/wiki/Q169470|https://www.wikidata.org/wiki/Q36180|https://www.wikidata.org/wiki/Q2732142|https://www.wikidata.org/wiki/Q170790|https://www.wikidata.org/wiki/Q1234713,https://www.wikidata.org/wiki/Q42168,https://www.wikidata.org/wiki/Q90,https://www.wikidata.org/wiki/Q8441,https://www.wikidata.org/wiki/Q1290,http://viaf.org/viaf/29538862,2857,CZ_books;CZ_articles,Salomon de Tultie|Amos Dettonville|Louis de Montalte,,,,,,False
Stanislav z Krakova,Stanislav z Krakova,Stanislav z Krakova,1030-08-01T00:00:00Z,1079-04-17T00:00:00Z❦1079-05-14T00:00:00Z,https://www.wikidata.org/wiki/Q250867,https://www.wikidata.org/wiki/Q2368338,https://www.wikidata.org/wiki/Q31487,https://www.wikidata.org/wiki/Q8441,https://www.wikidata.org/wiki/Q351635,http://viaf.org/viaf/35738217,2858,CZ_books;CZ_articles,,"['svatý,']",,,"svatý,",,False
Elisabeth de la Trinité,Elisabeth de la Trinité,Elisabeth de la Trinité,1880-07-18T00:00:00Z,1906-11-09T00:00:00Z,https://www.wikidata.org/wiki/Q595094|https://www.wikidata.org/wiki/Q486748,https://www.wikidata.org/wiki/Q132404,https://www.wikidata.org/wiki/Q7003,https://www.wikidata.org/wiki/Q467,https://www.wikidata.org/wiki/Q260046,http://viaf.org/viaf/68928616,2859,CZ_books,,,,,,,False
Baterowicz Marek,Baterowicz,Marek,1944-03-04T00:00:00Z,,https://www.wikidata.org/wiki/Q49757,,,https://www.wikidata.org/wiki/Q8441,https://www.wikidata.org/wiki/Q11768008,http://viaf.org/viaf/84288244,286,PL_BN_books,,,,,,,False
"Newman, John Henry",Newman,John Henry,1515-04-07T00:00:00Z,1582-10-15T00:00:00Z,https://www.wikidata.org/wiki/Q595094|https://www.wikidata.org/wiki/Q36180|https://www.wikidata.org/wiki/Q4964182,https://www.wikidata.org/wiki/Q842702,https://www.wikidata.org/wiki/Q946344,https://www.wikidata.org/wiki/Q467,https://www.wikidata.org/wiki/Q174880,http://viaf.org/viaf/95217173,2860,CZ_books,,,,,,,False
Vojtěch,Vojtěch,Vojtěch,0956-01-01T00:00:00Z,0997-04-28T00:00:00Z,https://www.wikidata.org/wiki/Q250867|https://www.wikidata.org/wiki/Q29182|https://www.wikidata.org/wiki/Q36180,https://www.wikidata.org/wiki/Q1013892,https://www.wikidata.org/wiki/Q5605,https://www.wikidata.org/wiki/Q8441,https://www.wikidata.org/wiki/Q243427,http://viaf.org/viaf/262489815,2861,CZ_books,,"['svatý,']",,,"svatý,",,False
"Drozda, Miroslav",Drozda,Miroslav,1924-10-01T00:00:00Z,1990-04-08T00:00:00Z,https://www.wikidata.org/wiki/Q60098894|https://www.wikidata.org/wiki/Q17167049|https://www.wikidata.org/wiki/Q2251335|https://www.wikidata.org/wiki/Q1622272|https://www.wikidata.org/wiki/Q13570226|https://www.wikidata.org/wiki/Q333634,https://www.wikidata.org/wiki/Q2305015,https://www.wikidata.org/wiki/Q1085,https://www.wikidata.org/wiki/Q8441,https://www.wikidata.org/wiki/Q28044731,http://viaf.org/viaf/74267929,2862,CZ_books,,,,,,,False
"Honzík, Jiří",Honzík,Jiří,1924-04-19T00:00:00Z,2018-03-12T00:00:00Z,https://www.wikidata.org/wiki/Q60098894|https://www.wikidata.org/wiki/Q17167049|https://www.wikidata.org/wiki/Q2251335|https://www.wikidata.org/wiki/Q49757|https://www.wikidata.org/wiki/Q36180|https://www.wikidata.org/wiki/Q333634,https://www.wikidata.org/wiki/Q12031338,https://www.wikidata.org/wiki/Q1085,https://www.wikidata.org/wiki/Q8441,https://www.wikidata.org/wiki/Q61348559,http://viaf.org/viaf/163312061,2863,CZ_books,Jiří Jeník,,,,,,False
"Puškin, Aleksandr Sergejevič",Puškin,Aleksandr Sergejevič,1799-06-06T00:00:00Z,1837-02-10T00:00:00Z,https://www.wikidata.org/wiki/Q487596|https://www.wikidata.org/wiki/Q4853732|https://www.wikidata.org/wiki/Q201788|https://www.wikidata.org/wiki/Q4263842|https://www.wikidata.org/wiki/Q49757|https://www.wikidata.org/wiki/Q36180|https://www.wikidata.org/wiki/Q12144794|https://www.wikidata.org/wiki/Q8178443|https://www.wikidata.org/wiki/Q333634|https://www.wikidata.org/wiki/Q28776412|https://www.wikidata.org/wiki/Q6625963|https://www.wikidata.org/wiki/Q11774202|https://www.wikidata.org/wiki/Q6051619,https://www.wikidata.org/wiki/Q649,https://www.wikidata.org/wiki/Q656,https://www.wikidata.org/wiki/Q8441,https://www.wikidata.org/wiki/Q7200,http://viaf.org/viaf/66477450,2864,CZ_books,"Феофилакт Косичкин|Александр НКШП|P., Ст. Арз. (Старый Арзамасец)|А. Б.|Иван Петрович Белкин",,,,,,False
"Čechov, Anton Pavlovič",Čechov,Anton Pavlovič,1860-01-29T00:00:00Z,1904-07-15T00:00:00Z,https://www.wikidata.org/wiki/Q487596|https://www.wikidata.org/wiki/Q1930187|https://www.wikidata.org/wiki/Q36180|https://www.wikidata.org/wiki/Q12144794|https://www.wikidata.org/wiki/Q482980|https://www.wikidata.org/wiki/Q9334029,https://www.wikidata.org/wiki/Q170513,https://www.wikidata.org/wiki/Q25430,https://www.wikidata.org/wiki/Q8441,https://www.wikidata.org/wiki/Q5685,http://viaf.org/viaf/95216565,2865,CZ_books,Брат моего брата|Антоша Чехонте|Человек без селизёнки,,,,,,False
"Dostojevskij, Fedor Michajlovič",Dostojevskij,Fedor Michajlovič,1821-11-11T00:00:00Z,1881-02-09T00:00:00Z,https://www.wikidata.org/wiki/Q1930187|https://www.wikidata.org/wiki/Q4964182|https://www.wikidata.org/wiki/Q36180|https://www.wikidata.org/wiki/Q864380|https://www.wikidata.org/wiki/Q333634|https://www.wikidata.org/wiki/Q6625963|https://www.wikidata.org/wiki/Q15949613|https://www.wikidata.org/wiki/Q11774202|https://www.wikidata.org/wiki/Q6051619,https://www.wikidata.org/wiki/Q649,https://www.wikidata.org/wiki/Q656,https://www.wikidata.org/wiki/Q8441,https://www.wikidata.org/wiki/Q991,http://viaf.org/viaf/104023256,2866,CZ_books;CZ_articles,Ф. Д.|Зубоскал|Зубоскалов|Летописец|Друг Кузьмы Пруткова|Ред.|М-ий|М.|Н. Н.|N.N.|Д.|Пружинин|—ий,,,,,,False
"Bezruč, Petr",Bezruč,Petr,1867-09-15T00:00:00Z,1958-02-17T00:00:00Z❦1958-02-12T00:00:00Z,https://www.wikidata.org/wiki/Q49757|https://www.wikidata.org/wiki/Q36180,https://www.wikidata.org/wiki/Q156080,https://www.wikidata.org/wiki/Q81137,https://www.wikidata.org/wiki/Q8441,https://www.wikidata.org/wiki/Q539798,http://viaf.org/viaf/7410342,2867,CZ_books,,,,,,,False
"Fuks, Ladislav",Fuks,Ladislav,1923-09-24T00:00:00Z,1994-08-19T00:00:00Z,https://www.wikidata.org/wiki/Q28389|https://www.wikidata.org/wiki/Q487596|https://www.wikidata.org/wiki/Q36180|https://www.wikidata.org/wiki/Q18844224,https://www.wikidata.org/wiki/Q1085,https://www.wikidata.org/wiki/Q1085,https://www.wikidata.org/wiki/Q8441,https://www.wikidata.org/wiki/Q975764,http://viaf.org/viaf/22183852,2868,CZ_books,,,,,,,False
"Šalda, F. X.",Šalda,F. X.,1867-12-22T00:00:00Z,1937-04-04T00:00:00Z,https://www.wikidata.org/wiki/Q487596|https://www.wikidata.org/wiki/Q21550346|https://www.wikidata.org/wiki/Q1930187|https://www.wikidata.org/wiki/Q201788|https://www.wikidata.org/wiki/Q4263842|https://www.wikidata.org/wiki/Q49757|https://www.wikidata.org/wiki/Q36180|https://www.wikidata.org/wiki/Q876864|https://www.wikidata.org/wiki/Q333634|https://www.wikidata.org/wiki/Q4164507,https://www.wikidata.org/wiki/Q146351,https://www.wikidata.org/wiki/Q1085,https://www.wikidata.org/wiki/Q8441,https://www.wikidata.org/wiki/Q1445713,http://viaf.org/viaf/14783197,2869,CZ_books;CZ_articles,,,,,,,False
Kisiel- Potocki Victus,Kisiel- Potocki,Victus,,,,,,,,http://viaf.org/viaf/311120855,287,PL_BN_books,,,,,,,False
"Machar, Josef Svatopluk",Machar,Josef Svatopluk,1864-02-29T00:00:00Z,1942-03-17T00:00:00Z,https://www.wikidata.org/wiki/Q82955|https://www.wikidata.org/wiki/Q49757|https://www.wikidata.org/wiki/Q36180|https://www.wikidata.org/wiki/Q1930187,https://www.wikidata.org/wiki/Q470369,https://www.wikidata.org/wiki/Q1085,https://www.wikidata.org/wiki/Q8441,https://www.wikidata.org/wiki/Q713271,http://viaf.org/viaf/32029935,2870,CZ_books,Antonín Rousek|Leo Leonhardi,,,,,,False
"Jaruzelski, Wojciech",Jaruzelski,Wojciech,1923-07-06T00:00:00Z,2014-05-25T00:00:00Z,https://www.wikidata.org/wiki/Q82955|https://www.wikidata.org/wiki/Q47064,https://www.wikidata.org/wiki/Q2316,https://www.wikidata.org/wiki/Q270,https://www.wikidata.org/wiki/Q8441,https://www.wikidata.org/wiki/Q55834,http://viaf.org/viaf/84082670,2872,CZ_books;CZ_articles,,,,,,,False
"Kulczycki, Ludwik",Kulczycki,Ludwik,1866-07-22T00:00:00Z,1941-08-03T00:00:00Z❦1941-08-31T00:00:00Z,https://www.wikidata.org/wiki/Q82955|https://www.wikidata.org/wiki/Q6051619|https://www.wikidata.org/wiki/Q2306091,https://www.wikidata.org/wiki/Q270,https://www.wikidata.org/wiki/Q270,https://www.wikidata.org/wiki/Q8441,https://www.wikidata.org/wiki/Q4246774,http://viaf.org/viaf/74886180,2873,CZ_books,,,,,,,False
"Herbert, Zbigniew",Herbert,Zbigniew,1921-10-09T00:00:00Z,2014-04-24T00:00:00Z,https://www.wikidata.org/wiki/Q487596|https://www.wikidata.org/wiki/Q49757|https://www.wikidata.org/wiki/Q36180|https://www.wikidata.org/wiki/Q12144794|https://www.wikidata.org/wiki/Q333634,https://www.wikidata.org/wiki/Q158796,https://www.wikidata.org/wiki/Q1799,https://www.wikidata.org/wiki/Q8441,https://www.wikidata.org/wiki/Q327275,http://viaf.org/viaf/102376422,2874,CZ_books,Satyr,,,,,,False
"Montaigne, Michel de",Montaigne,Michel de,1533-03-10T00:00:00Z,1592-09-13T00:00:00Z,https://www.wikidata.org/wiki/Q18814623|https://www.wikidata.org/wiki/Q4964182|https://www.wikidata.org/wiki/Q1297719|https://www.wikidata.org/wiki/Q36180|https://www.wikidata.org/wiki/Q185351|https://www.wikidata.org/wiki/Q82955|https://www.wikidata.org/wiki/Q333634|https://www.wikidata.org/wiki/Q49757|https://www.wikidata.org/wiki/Q11774202,https://www.wikidata.org/wiki/Q178442,https://www.wikidata.org/wiki/Q178442,https://www.wikidata.org/wiki/Q8441,https://www.wikidata.org/wiki/Q41568,http://viaf.org/viaf/95153547,2875,CZ_books,,,,,,,False
"Mann, Thomas",Mann,Thomas,1875-06-06T00:00:00Z,1955-08-12T00:00:00Z,https://www.wikidata.org/wiki/Q18814623|https://www.wikidata.org/wiki/Q15978337|https://www.wikidata.org/wiki/Q18939491|https://www.wikidata.org/wiki/Q36180|https://www.wikidata.org/wiki/Q1622272|https://www.wikidata.org/wiki/Q28389|https://www.wikidata.org/wiki/Q6625963|https://www.wikidata.org/wiki/Q15949613|https://www.wikidata.org/wiki/Q11774202,https://www.wikidata.org/wiki/Q2843,https://www.wikidata.org/wiki/Q72,https://www.wikidata.org/wiki/Q8441,https://www.wikidata.org/wiki/Q37030,http://viaf.org/viaf/54151065,2876,CZ_books,,,,,,,False
"Fesch, Jacques",Fesch,Jacques,1930-04-06T00:00:00Z,1957-10-01T00:00:00Z,https://www.wikidata.org/wiki/Q18939491,https://www.wikidata.org/wiki/Q185075,https://www.wikidata.org/wiki/Q290432,https://www.wikidata.org/wiki/Q8441,https://www.wikidata.org/wiki/Q934377,http://viaf.org/viaf/19677366,2877,CZ_books,,,,,,,False
"Ruyer, Raymond",Ruyer,Raymond,1902-01-13T00:00:00Z,1987-06-22T00:00:00Z,https://www.wikidata.org/wiki/Q5197818|https://www.wikidata.org/wiki/Q4964182|https://www.wikidata.org/wiki/Q6337803,https://www.wikidata.org/wiki/Q903654,https://www.wikidata.org/wiki/Q40898,https://www.wikidata.org/wiki/Q8441,https://www.wikidata.org/wiki/Q3055498,http://viaf.org/viaf/29540211,2878,CZ_books,,,,,,,False
"Gebser, Jean",Gebser,Jean,1905-08-20T00:00:00Z,1973-05-14T00:00:00Z,https://www.wikidata.org/wiki/Q4964182,https://www.wikidata.org/wiki/Q268,https://www.wikidata.org/wiki/Q678427,https://www.wikidata.org/wiki/Q8441,https://www.wikidata.org/wiki/Q87292,http://viaf.org/viaf/54161745,2879,CZ_books,,,,,,,False
Kisielewski Stefan,Kisielewski,Stefan,1911-03-07T00:00:00Z,1991-09-27T00:00:00Z,https://www.wikidata.org/wiki/Q36180|https://www.wikidata.org/wiki/Q1930187|https://www.wikidata.org/wiki/Q1350157|https://www.wikidata.org/wiki/Q36834,https://www.wikidata.org/wiki/Q270,https://www.wikidata.org/wiki/Q270,https://www.wikidata.org/wiki/Q8441,https://www.wikidata.org/wiki/Q1298823,http://viaf.org/viaf/100960276,288,CZ_articles;PL_BN_books,Staliński Tomasz|Teodor Klon|Kisiel,,,,,,False
"Ruyer, Raymond",Ruyer,Raymond,1888-02-27T00:00:00Z,1974-08-23T00:00:00Z,https://www.wikidata.org/wiki/Q211346|https://www.wikidata.org/wiki/Q212980|https://www.wikidata.org/wiki/Q482980,https://www.wikidata.org/wiki/Q641,https://www.wikidata.org/wiki/Q52068,https://www.wikidata.org/wiki/Q8441,https://www.wikidata.org/wiki/Q724752,http://viaf.org/viaf/91238159,2880,CZ_books,,,,,,,False
"Beksiński, Zdzisław",Beksiński,Zdzisław,1929-02-24T00:00:00Z,2005-02-21T00:00:00Z,https://www.wikidata.org/wiki/Q1281618|https://www.wikidata.org/wiki/Q1028181|https://www.wikidata.org/wiki/Q627325|https://www.wikidata.org/wiki/Q42973|https://www.wikidata.org/wiki/Q33231,https://www.wikidata.org/wiki/Q201729,https://www.wikidata.org/wiki/Q270,https://www.wikidata.org/wiki/Q8441,https://www.wikidata.org/wiki/Q169246,http://viaf.org/viaf/49234439,2881,CZ_books,,,,,,,False
"Ruyer, Raymond",Ruyer,Raymond,1905-01-23T00:00:00Z,1960-11-05T00:00:00Z,https://www.wikidata.org/wiki/Q212980|https://www.wikidata.org/wiki/Q4964182|https://www.wikidata.org/wiki/Q49757|https://www.wikidata.org/wiki/Q36180|https://www.wikidata.org/wiki/Q24387326,https://www.wikidata.org/wiki/Q64,https://www.wikidata.org/wiki/Q33935,https://www.wikidata.org/wiki/Q8441,https://www.wikidata.org/wiki/Q61171,http://viaf.org/viaf/32115134,2882,CZ_books,,,,,,,False
"Ruyer, Raymond",Ruyer,Raymond,1933-11-15T00:00:00Z,2011-07-05T00:00:00Z,https://www.wikidata.org/wiki/Q201788|https://www.wikidata.org/wiki/Q2251335|https://www.wikidata.org/wiki/Q36180|https://www.wikidata.org/wiki/Q2306091|https://www.wikidata.org/wiki/Q1622272|https://www.wikidata.org/wiki/Q6625963|https://www.wikidata.org/wiki/Q6051619|https://www.wikidata.org/wiki/Q18844224,https://www.wikidata.org/wiki/Q1297,https://www.wikidata.org/wiki/Q484678,https://www.wikidata.org/wiki/Q8441,https://www.wikidata.org/wiki/Q763218,http://viaf.org/viaf/98164047,2883,CZ_books,,,,,,,False
"Dejmek, Kazimierz",Dejmek,Kazimierz,1924-05-17T00:00:00Z,2002-12-31T00:00:00Z,https://www.wikidata.org/wiki/Q3387717|https://www.wikidata.org/wiki/Q82955|https://www.wikidata.org/wiki/Q2526255|https://www.wikidata.org/wiki/Q33999,https://www.wikidata.org/wiki/Q156704,https://www.wikidata.org/wiki/Q270,https://www.wikidata.org/wiki/Q8441,https://www.wikidata.org/wiki/Q1737511,http://viaf.org/viaf/18969839,2884,CZ_books;CZ_articles,,,,,,,False
Maksymilian Maria Kolbe,Maksymilian Maria Kolbe,Maksymilian Maria Kolbe,1894-01-08T00:00:00Z,1941-08-14T00:00:00Z,https://www.wikidata.org/wiki/Q2029179|https://www.wikidata.org/wiki/Q250867|https://www.wikidata.org/wiki/Q1939892|https://www.wikidata.org/wiki/Q1397808|https://www.wikidata.org/wiki/Q860918,https://www.wikidata.org/wiki/Q169237,https://www.wikidata.org/wiki/Q7341,https://www.wikidata.org/wiki/Q8441,https://www.wikidata.org/wiki/Q153850,http://viaf.org/viaf/44302147,2885,CZ_books,,"['svatý,']",,,"svatý,",,False
Ježíš Kristus,Ježíš Kristus,Ježíš Kristus,-0001-01-01T00:00:00Z❦-0006-01-01T00:00:00Z❦+0000-00-00T00:00:00Z❦t2340335279,0033-01-01T00:00:00Z❦0030-01-01T00:00:00Z,https://www.wikidata.org/wiki/Q133485|https://www.wikidata.org/wiki/Q2251335|https://www.wikidata.org/wiki/Q432386|https://www.wikidata.org/wiki/Q42857|https://www.wikidata.org/wiki/Q1349880|https://www.wikidata.org/wiki/Q2518689|https://www.wikidata.org/wiki/Q154549|https://www.wikidata.org/wiki/Q15995642,https://www.wikidata.org/wiki/Q5776,https://www.wikidata.org/wiki/Q170516,https://www.wikidata.org/wiki/Q8441,https://www.wikidata.org/wiki/Q302,http://viaf.org/viaf/38323081,2886,CZ_books,,,,,,,False
"Sopócko, Michal",Sopócko,Michal,1888-11-01T00:00:00Z,1975-02-15T00:00:00Z,https://www.wikidata.org/wiki/Q250867,https://www.wikidata.org/wiki/Q21632624,https://www.wikidata.org/wiki/Q761,https://www.wikidata.org/wiki/Q8441,https://www.wikidata.org/wiki/Q83579,http://viaf.org/viaf/3344042,2887,CZ_books,,,,,,,False
"Dobrovský, Luboš",Dobrovský,Luboš,1932-02-03T00:00:00Z,2020-01-30T00:00:00Z,https://www.wikidata.org/wiki/Q1930187|https://www.wikidata.org/wiki/Q4263842|https://www.wikidata.org/wiki/Q36180|https://www.wikidata.org/wiki/Q14467526|https://www.wikidata.org/wiki/Q82955|https://www.wikidata.org/wiki/Q193391|https://www.wikidata.org/wiki/Q333634|https://www.wikidata.org/wiki/Q6051619,https://www.wikidata.org/wiki/Q470369,https://www.wikidata.org/wiki/Q1085,https://www.wikidata.org/wiki/Q8441,https://www.wikidata.org/wiki/Q6695637,http://viaf.org/viaf/267129576,2890,CZ_books;CZ_articles,,,,,,,False
"Mlejnek, Josef",Mlejnek,Josef,1946-12-03T00:00:00Z,,https://www.wikidata.org/wiki/Q17337766|https://www.wikidata.org/wiki/Q4964182|https://www.wikidata.org/wiki/Q876864|https://www.wikidata.org/wiki/Q49757|https://www.wikidata.org/wiki/Q6430706|https://www.wikidata.org/wiki/Q333634|https://www.wikidata.org/wiki/Q6051619,https://www.wikidata.org/wiki/Q393426,,https://www.wikidata.org/wiki/Q8441,https://www.wikidata.org/wiki/Q95076030,http://viaf.org/viaf/49118581,2891,CZ_books;CZ_articles,,,,,,,False
"Jochmann, Petr",Jochmann,Petr,1951-04-17T00:00:00Z,,https://www.wikidata.org/wiki/Q201788|https://www.wikidata.org/wiki/Q1028181|https://www.wikidata.org/wiki/Q2251335|https://www.wikidata.org/wiki/Q15296811|https://www.wikidata.org/wiki/Q36180|https://www.wikidata.org/wiki/Q1792450|https://www.wikidata.org/wiki/Q333634|https://www.wikidata.org/wiki/Q11774202|https://www.wikidata.org/wiki/Q6051619,https://www.wikidata.org/wiki/Q81137,,https://www.wikidata.org/wiki/Q8441,https://www.wikidata.org/wiki/Q95472001,http://viaf.org/viaf/96705667,2893,CZ_books,,,,,,,False
"Valušek, Rostislav",Valušek,Rostislav,1946-06-18T00:00:00Z,,https://www.wikidata.org/wiki/Q627325|https://www.wikidata.org/wiki/Q2085381|https://www.wikidata.org/wiki/Q49757|https://www.wikidata.org/wiki/Q36180|https://www.wikidata.org/wiki/Q1234713,https://www.wikidata.org/wiki/Q81137,,https://www.wikidata.org/wiki/Q8441,https://www.wikidata.org/wiki/Q12049820,http://viaf.org/viaf/25016611,2894,CZ_books,,,,,,,False
"Burian, Václav",Burian,Václav,1959-08-28T00:00:00Z,2014-10-09T00:00:00Z,https://www.wikidata.org/wiki/Q1930187|https://www.wikidata.org/wiki/Q4263842|https://www.wikidata.org/wiki/Q876864|https://www.wikidata.org/wiki/Q49757|https://www.wikidata.org/wiki/Q333634|https://www.wikidata.org/wiki/Q6051619,https://www.wikidata.org/wiki/Q470380,https://www.wikidata.org/wiki/Q1741,https://www.wikidata.org/wiki/Q8441,https://www.wikidata.org/wiki/Q9369205,http://viaf.org/viaf/17379276,2895,CZ_books;CZ_articles,,,,,,,False
"Šiler, Vladimír",Šiler,Vladimír,1949-05-07T00:00:00Z,,https://www.wikidata.org/wiki/Q42603|https://www.wikidata.org/wiki/Q1231865|https://www.wikidata.org/wiki/Q2251335|https://www.wikidata.org/wiki/Q83307|https://www.wikidata.org/wiki/Q333634|https://www.wikidata.org/wiki/Q19829980,https://www.wikidata.org/wiki/Q214956,,https://www.wikidata.org/wiki/Q8441,https://www.wikidata.org/wiki/Q95444640,http://viaf.org/viaf/84941440,2896,CZ_books,,,,,,,False
"Zacha, Eduard",Zacha,Eduard,1951-06-17T00:00:00Z,2012-07-28T00:00:00Z,https://www.wikidata.org/wiki/Q49757|https://www.wikidata.org/wiki/Q36180|https://www.wikidata.org/wiki/Q876864,https://www.wikidata.org/wiki/Q1789604,https://www.wikidata.org/wiki/Q1789604,https://www.wikidata.org/wiki/Q8441,https://www.wikidata.org/wiki/Q95151892,http://viaf.org/viaf/4819412,2898,CZ_books,,,,,,,False
"Snyder, Gary",Snyder,Gary,1930-05-08T00:00:00Z,,https://www.wikidata.org/wiki/Q3578589|https://www.wikidata.org/wiki/Q49757|https://www.wikidata.org/wiki/Q36180|https://www.wikidata.org/wiki/Q7886765|https://www.wikidata.org/wiki/Q333634,https://www.wikidata.org/wiki/Q62,,https://www.wikidata.org/wiki/Q8441,https://www.wikidata.org/wiki/Q315963,http://viaf.org/viaf/68944804,2899,CZ_books,,,,,,,False
Gaykowski Peter,Gaykowski,Peter,,,,,,,,http://viaf.org/viaf/302455490,29,PL_BN_books,,,,,,,False
Baykowski Jerzy,Baykowski,Jerzy,,,,,,,,http://viaf.org/viaf/311120809,290,PL_BN_books,Perl Janusz,,,,,,False
"Mikešová, Iveta",Mikešová,Iveta,1957,,,,,,,http://viaf.org/viaf/84106685,2901,CZ_books,,,,,,,False
"Mikeš, Petr",Mikeš,Petr,1948-08-19T00:00:00Z,2016-02-08T00:00:00Z,https://www.wikidata.org/wiki/Q182436|https://www.wikidata.org/wiki/Q876864|https://www.wikidata.org/wiki/Q49757|https://www.wikidata.org/wiki/Q36180|https://www.wikidata.org/wiki/Q333634,https://www.wikidata.org/wiki/Q16506,,https://www.wikidata.org/wiki/Q8441,https://www.wikidata.org/wiki/Q11815957,http://viaf.org/viaf/69085178,2902,CZ_books,Jan Navrátil,,,,,,False
"Červenka, Miroslav",Červenka,Miroslav,1932,2005,,,,,,http://viaf.org/viaf/159848346,2903,CZ_books,,,,,,,False
"Hamplová, Hana",Hamplová,Hana,1951-06-28T00:00:00Z,,https://www.wikidata.org/wiki/Q780596|https://www.wikidata.org/wiki/Q2251335|https://www.wikidata.org/wiki/Q33231,https://www.wikidata.org/wiki/Q1085,,https://www.wikidata.org/wiki/Q467,https://www.wikidata.org/wiki/Q30251192,http://viaf.org/viaf/96640380,2904,CZ_books,,,,,,,False
"Pohunková, Dagmar",Pohunková,Dagmar,1929,,,,,,,http://viaf.org/viaf/306138779,2905,CZ_books,,,,,,,False
"Jůna, Jaroslav",Jůna,Jaroslav,1954,,,,,,,http://viaf.org/viaf/302126810,2906,CZ_books,,,,,,,False
"Kábrle, Jaroslav",Kábrle,Jaroslav,1886,,,,,,,http://viaf.org/viaf/83762253,2908,CZ_books,,,,,,,False
"Foglová, Pavla",Foglová,Pavla,1964-08-18T00:00:00Z,,https://www.wikidata.org/wiki/Q13418253|https://www.wikidata.org/wiki/Q6051619|https://www.wikidata.org/wiki/Q333634,https://www.wikidata.org/wiki/Q8385,,https://www.wikidata.org/wiki/Q467,https://www.wikidata.org/wiki/Q95483806,http://viaf.org/viaf/85005608,2909,CZ_books;CZ_articles,,,,,,,False
Klawiter Andrzej,Klawiter,Andrzej,,,,,,,,http://viaf.org/viaf/5343612,291,PL_BN_books,,,,,,,False
"Taranienko, Zbigniew",Taranienko,Zbigniew,1943,,,,,,,http://viaf.org/viaf/5343114,2910,CZ_books,,,,,,,False
"Dudková, Eva",Dudková,Eva,,,,,,https://www.wikidata.org/wiki/Q467,https://www.wikidata.org/wiki/Q95715577,http://viaf.org/viaf/311683438,2911,CZ_books,,,,,,,False
"Belling, Jindřich",Belling,Jindřich,,,,,,,,http://viaf.org/viaf/85590593,2912,CZ_books,,,,,,,False
"Stankovič, Andrej",Stankovič,Andrej,1940-06-22T00:00:00Z,2001-07-12T00:00:00Z,https://www.wikidata.org/wiki/Q182436|https://www.wikidata.org/wiki/Q49757|https://www.wikidata.org/wiki/Q36180|https://www.wikidata.org/wiki/Q333634|https://www.wikidata.org/wiki/Q4220892,https://www.wikidata.org/wiki/Q26119,https://www.wikidata.org/wiki/Q1085,https://www.wikidata.org/wiki/Q8441,https://www.wikidata.org/wiki/Q10820580,http://viaf.org/viaf/27684662,2913,CZ_books,,,,,,,False
"Pavlovský, Petr",Pavlovský,Petr,1944-01-01T00:00:00Z❦1944-08-18T00:00:00Z,,https://www.wikidata.org/wiki/Q487596|https://www.wikidata.org/wiki/Q21550346|https://www.wikidata.org/wiki/Q10379007|https://www.wikidata.org/wiki/Q1231865|https://www.wikidata.org/wiki/Q36180|https://www.wikidata.org/wiki/Q17391638,,,https://www.wikidata.org/wiki/Q8441,https://www.wikidata.org/wiki/Q12044998,http://viaf.org/viaf/9419968,2914,CZ_books;CZ_articles,,,,,,,False
"Müller, Jiří",Müller,Jiří,1934-04-06T00:00:00Z,2014-10-03T00:00:00Z,https://www.wikidata.org/wiki/Q1028181|https://www.wikidata.org/wiki/Q627325|https://www.wikidata.org/wiki/Q876864|https://www.wikidata.org/wiki/Q1229025|https://www.wikidata.org/wiki/Q644687,https://www.wikidata.org/wiki/Q1306068,https://www.wikidata.org/wiki/Q16506,https://www.wikidata.org/wiki/Q8441,https://www.wikidata.org/wiki/Q95436367,http://viaf.org/viaf/254988255,2915,CZ_books,,,,,,,False
"Palek, Karel",Palek,Karel,1948-12-15T00:00:00Z,,https://www.wikidata.org/wiki/Q1930187|https://www.wikidata.org/wiki/Q1231865|https://www.wikidata.org/wiki/Q876864|https://www.wikidata.org/wiki/Q14467526|https://www.wikidata.org/wiki/Q1622272|https://www.wikidata.org/wiki/Q333634|https://www.wikidata.org/wiki/Q11774202|https://www.wikidata.org/wiki/Q13418253,https://www.wikidata.org/wiki/Q1085,,https://www.wikidata.org/wiki/Q8441,https://www.wikidata.org/wiki/Q12028449,http://viaf.org/viaf/29656752,2916,CZ_books,,,,,,,False
"Pistorius, Vladimír",Pistorius,Vladimír,1951-01-10T00:00:00Z,,https://www.wikidata.org/wiki/Q5482740|https://www.wikidata.org/wiki/Q15980158|https://www.wikidata.org/wiki/Q2085381|https://www.wikidata.org/wiki/Q49757|https://www.wikidata.org/wiki/Q36180|https://www.wikidata.org/wiki/Q876864|https://www.wikidata.org/wiki/Q170790,https://www.wikidata.org/wiki/Q8385,,https://www.wikidata.org/wiki/Q8441,https://www.wikidata.org/wiki/Q94951679,http://viaf.org/viaf/2530869,2918,CZ_books,,,,,,,False
"Pawlak, Antoni",Pawlak,Antoni,1922-11-12T00:00:00Z,1951-07-03T00:00:00Z,https://www.wikidata.org/wiki/Q1930187|https://www.wikidata.org/wiki/Q49757|https://www.wikidata.org/wiki/Q36180|https://www.wikidata.org/wiki/Q6430706|https://www.wikidata.org/wiki/Q6051619,https://www.wikidata.org/wiki/Q156713,https://www.wikidata.org/wiki/Q270,https://www.wikidata.org/wiki/Q8441,https://www.wikidata.org/wiki/Q100005,http://viaf.org/viaf/41855122,2919,CZ_books,,,,,,,False
Klimowski Tadeusz Marian,Klimowski,Tadeusz Marian,1911-10-15T00:00:00Z,1981-09-12T00:00:00Z,https://www.wikidata.org/wiki/Q2066131,https://www.wikidata.org/wiki/Q31487,https://www.wikidata.org/wiki/Q84,https://www.wikidata.org/wiki/Q8441,https://www.wikidata.org/wiki/Q9354419,http://viaf.org/viaf/165773348,292,PL_BN_books,Ostoja,,,,,,False
"Pawlak, Antoni",Pawlak,Antoni,1956-03-12T00:00:00Z,,https://www.wikidata.org/wiki/Q49757|https://www.wikidata.org/wiki/Q36180,https://www.wikidata.org/wiki/Q270,,https://www.wikidata.org/wiki/Q467,https://www.wikidata.org/wiki/Q11736927,http://viaf.org/viaf/28647777,2920,PL_BezCenzury_articles;CZ_books,,,,,,,False
"Bursa, Andrzej",Bursa,Andrzej,1932-03-21T00:00:00Z,1957-11-15T00:00:00Z,https://www.wikidata.org/wiki/Q1930187|https://www.wikidata.org/wiki/Q9334029|https://www.wikidata.org/wiki/Q49757|https://www.wikidata.org/wiki/Q36180,https://www.wikidata.org/wiki/Q31487,https://www.wikidata.org/wiki/Q31487,https://www.wikidata.org/wiki/Q8441,https://www.wikidata.org/wiki/Q729311,http://viaf.org/viaf/61678759,2921,CZ_books;CZ_articles,,,,,,,False
"Pawlak, Antoni",Pawlak,Antoni,1921-08-14T00:00:00Z,2017-07-14T00:00:00Z,https://www.wikidata.org/wiki/Q4853732|https://www.wikidata.org/wiki/Q49757|https://www.wikidata.org/wiki/Q36180|https://www.wikidata.org/wiki/Q333634|https://www.wikidata.org/wiki/Q11774202,https://www.wikidata.org/wiki/Q37333,https://www.wikidata.org/wiki/Q5562056,https://www.wikidata.org/wiki/Q467,https://www.wikidata.org/wiki/Q935370,http://viaf.org/viaf/61572044,2922,CZ_books,,,,,,,False
"Pawlak, Antoni",Pawlak,Antoni,1894-02-20T00:00:00Z,1980-03-02T00:00:00Z,https://www.wikidata.org/wiki/Q487596|https://www.wikidata.org/wiki/Q49757|https://www.wikidata.org/wiki/Q18939491|https://www.wikidata.org/wiki/Q36180|https://www.wikidata.org/wiki/Q193391|https://www.wikidata.org/wiki/Q14915627|https://www.wikidata.org/wiki/Q333634|https://www.wikidata.org/wiki/Q28389|https://www.wikidata.org/wiki/Q8178443|https://www.wikidata.org/wiki/Q11774202,https://www.wikidata.org/wiki/Q1437277,https://www.wikidata.org/wiki/Q270,https://www.wikidata.org/wiki/Q8441,https://www.wikidata.org/wiki/Q558960,http://viaf.org/viaf/108670592,2923,CZ_books;CZ_articles,Eleuter,,,,,,False
"Pawlak, Antoni",Pawlak,Antoni,1903-10-29T00:00:00Z,1983-02-22T00:00:00Z,https://www.wikidata.org/wiki/Q17167049|https://www.wikidata.org/wiki/Q49757|https://www.wikidata.org/wiki/Q36180|https://www.wikidata.org/wiki/Q333634,https://www.wikidata.org/wiki/Q988379,https://www.wikidata.org/wiki/Q270,https://www.wikidata.org/wiki/Q8441,https://www.wikidata.org/wiki/Q3502909,http://viaf.org/viaf/66482806,2924,CZ_books,Jan Klonowicz,,,,,,False
"Pawlak, Antoni",Pawlak,Antoni,1952,,,,,,,http://viaf.org/viaf/24553333,2925,CZ_books,,,,,,,False
"Pawlak, Antoni",Pawlak,Antoni,1909-03-06T00:00:00Z,1966-05-07T00:00:00Z,https://www.wikidata.org/wiki/Q3606216|https://www.wikidata.org/wiki/Q49757|https://www.wikidata.org/wiki/Q36180,https://www.wikidata.org/wiki/Q36036,https://www.wikidata.org/wiki/Q270,https://www.wikidata.org/wiki/Q8441,https://www.wikidata.org/wiki/Q165680,http://viaf.org/viaf/44321643,2926,CZ_books,,,,,,,False
"Pawlak, Antoni",Pawlak,Antoni,1942-06-12T00:00:00Z,2010-06-25T00:00:00Z,https://www.wikidata.org/wiki/Q49757|https://www.wikidata.org/wiki/Q1028181,https://www.wikidata.org/wiki/Q956627,https://www.wikidata.org/wiki/Q270,https://www.wikidata.org/wiki/Q8441,https://www.wikidata.org/wiki/Q11720933,http://viaf.org/viaf/118989065,2927,CZ_books;PL_BN_books,,,,,,,False
"Pawlak, Antoni",Pawlak,Antoni,1922-11-06T00:00:00Z,1996-11-02T00:00:00Z,https://www.wikidata.org/wiki/Q4853732|https://www.wikidata.org/wiki/Q49757|https://www.wikidata.org/wiki/Q36180|https://www.wikidata.org/wiki/Q822146|https://www.wikidata.org/wiki/Q333634,https://www.wikidata.org/wiki/Q270,https://www.wikidata.org/wiki/Q270,https://www.wikidata.org/wiki/Q8441,https://www.wikidata.org/wiki/Q9160704,http://viaf.org/viaf/41865750,2928,CZ_books,,,,,,,False
"Pawlak, Antoni",Pawlak,Antoni,1932-06-08T00:00:00Z,,https://www.wikidata.org/wiki/Q49757|https://www.wikidata.org/wiki/Q36180,https://www.wikidata.org/wiki/Q990186,,https://www.wikidata.org/wiki/Q467,https://www.wikidata.org/wiki/Q11748743,http://viaf.org/viaf/59501943,2929,CZ_books,,,,,,,False
"Klimuszko, Czesław Andrzej",Klimuszko,Czesław Andrzej,1905-08-23T00:00:00Z,1980-08-23T00:00:00Z,https://www.wikidata.org/wiki/Q42603,https://www.wikidata.org/wiki/Q5620262,https://www.wikidata.org/wiki/Q104712,https://www.wikidata.org/wiki/Q8441,https://www.wikidata.org/wiki/Q11692235,http://viaf.org/viaf/101732967,293,CZ_books;PL_BN_books,,,,,,,False
"Pawlak, Antoni",Pawlak,Antoni,1938-02-18T00:00:00Z,2017-12-17T00:00:00Z,https://www.wikidata.org/wiki/Q49757,https://www.wikidata.org/wiki/Q236083,https://www.wikidata.org/wiki/Q31487,https://www.wikidata.org/wiki/Q8441,https://www.wikidata.org/wiki/Q11754898,http://viaf.org/viaf/65057932,2930,CZ_books,,,,,,,False
"Pawlak, Antoni",Pawlak,Antoni,1930-11-11T00:00:00Z,1991-08-10T00:00:00Z❦1991-08-11T00:00:00Z,https://www.wikidata.org/wiki/Q49757|https://www.wikidata.org/wiki/Q36180,https://www.wikidata.org/wiki/Q2458329,https://www.wikidata.org/wiki/Q2734,https://www.wikidata.org/wiki/Q8441,https://www.wikidata.org/wiki/Q4321855,http://viaf.org/viaf/46781591,2931,CZ_books,,,,,,,False
"Pawlak, Antoni",Pawlak,Antoni,1920-04-15T00:00:00Z,1972-11-15T00:00:00Z,https://www.wikidata.org/wiki/Q6051619|https://www.wikidata.org/wiki/Q49757|https://www.wikidata.org/wiki/Q36180|https://www.wikidata.org/wiki/Q333634,https://www.wikidata.org/wiki/Q1946027,https://www.wikidata.org/wiki/Q56036,https://www.wikidata.org/wiki/Q8441,https://www.wikidata.org/wiki/Q9160201,http://viaf.org/viaf/64884992,2932,CZ_books,,,,,,,False
"Pawlak, Antoni",Pawlak,Antoni,1948-08-23T00:00:00Z❦1948-01-01T00:00:00Z,,https://www.wikidata.org/wiki/Q49757,https://www.wikidata.org/wiki/Q387396,,https://www.wikidata.org/wiki/Q8441,https://www.wikidata.org/wiki/Q9343095,http://viaf.org/viaf/66482945,2933,CZ_books,,,,,,,False
"Pawlak, Antoni",Pawlak,Antoni,1923-07-02T00:00:00Z,2012-02-01T00:00:00Z,https://www.wikidata.org/wiki/Q4263842|https://www.wikidata.org/wiki/Q49757|https://www.wikidata.org/wiki/Q36180|https://www.wikidata.org/wiki/Q327029|https://www.wikidata.org/wiki/Q6430706|https://www.wikidata.org/wiki/Q333634|https://www.wikidata.org/wiki/Q11774202,https://www.wikidata.org/wiki/Q51408,https://www.wikidata.org/wiki/Q31487,https://www.wikidata.org/wiki/Q467,https://www.wikidata.org/wiki/Q42552,http://viaf.org/viaf/88346011,2934,CZ_books,,,,,,,False
"Pawlak, Antoni",Pawlak,Antoni,1940-12-27T00:00:00Z,2016-02-23T00:00:00Z,,https://www.wikidata.org/wiki/Q102217,https://www.wikidata.org/wiki/Q1754,https://www.wikidata.org/wiki/Q8441,https://www.wikidata.org/wiki/Q11790054,http://viaf.org/viaf/301736001,2935,CZ_books,,,,,,,False
"Pawlak, Antoni",Pawlak,Antoni,1905-11-17T00:00:00Z,1982-08-13T00:00:00Z,https://www.wikidata.org/wiki/Q49757|https://www.wikidata.org/wiki/Q36180|https://www.wikidata.org/wiki/Q482980|https://www.wikidata.org/wiki/Q333634|https://www.wikidata.org/wiki/Q11774202,https://www.wikidata.org/wiki/Q270,https://www.wikidata.org/wiki/Q270,https://www.wikidata.org/wiki/Q8441,https://www.wikidata.org/wiki/Q327556,http://viaf.org/viaf/54162839,2936,CZ_books,,,,,,,False
"Pawlak, Antoni",Pawlak,Antoni,1952,,,,,,,http://viaf.org/viaf/162595652,2937,CZ_books,,,,,,,False
"Pawlak, Antoni",Pawlak,Antoni,1959-07-01T00:00:00Z,,https://www.wikidata.org/wiki/Q1238570,https://www.wikidata.org/wiki/Q1085,,https://www.wikidata.org/wiki/Q8441,https://www.wikidata.org/wiki/Q48400647,http://viaf.org/viaf/85324536,2938,CZ_books,,,,,,,False
"Pawlak, Antoni",Pawlak,Antoni,1922-09-11T00:00:00Z,1997-05-28T00:00:00Z,https://www.wikidata.org/wiki/Q876864|https://www.wikidata.org/wiki/Q49757|https://www.wikidata.org/wiki/Q36180|https://www.wikidata.org/wiki/Q822146|https://www.wikidata.org/wiki/Q333634,https://www.wikidata.org/wiki/Q8385,https://www.wikidata.org/wiki/Q470394,https://www.wikidata.org/wiki/Q8441,https://www.wikidata.org/wiki/Q611023,http://viaf.org/viaf/83902261,2939,CZ_books,,,,,,,False
Klochowicz Kazimierz,Klochowicz,Kazimierz,1896-03-01T00:00:00Z,1970-01-01T00:00:00Z,https://www.wikidata.org/wiki/Q4002659,,,https://www.wikidata.org/wiki/Q8441,https://www.wikidata.org/wiki/Q29246273,http://viaf.org/viaf/165176635,294,PL_BN_books,,,,,,,False
"Pawlak, Antoni",Pawlak,Antoni,1942-06-18T00:00:00Z,,https://www.wikidata.org/wiki/Q1930187|https://www.wikidata.org/wiki/Q627325|https://www.wikidata.org/wiki/Q49757|https://www.wikidata.org/wiki/Q36180|https://www.wikidata.org/wiki/Q333634,https://www.wikidata.org/wiki/Q1085,,https://www.wikidata.org/wiki/Q8441,https://www.wikidata.org/wiki/Q2734817,http://viaf.org/viaf/119365018,2940,CZ_books;CZ_articles,,,,,,,False
"Borne, Étienne",Borne,Étienne,1907-01-22T00:00:00Z,1993-06-14T00:00:00Z,https://www.wikidata.org/wiki/Q4964182|https://www.wikidata.org/wiki/Q1930187,https://www.wikidata.org/wiki/Q244249,,https://www.wikidata.org/wiki/Q8441,https://www.wikidata.org/wiki/Q3592076,http://viaf.org/viaf/79020949,2941,CZ_books,,,,,,,False
"Brandstaetter, Roman",Brandstaetter,Roman,1906-01-03T00:00:00Z,1987-09-28T00:00:00Z,https://www.wikidata.org/wiki/Q49757|https://www.wikidata.org/wiki/Q36180|https://www.wikidata.org/wiki/Q193391|https://www.wikidata.org/wiki/Q482980|https://www.wikidata.org/wiki/Q333634,https://www.wikidata.org/wiki/Q106281,https://www.wikidata.org/wiki/Q268,https://www.wikidata.org/wiki/Q8441,https://www.wikidata.org/wiki/Q350978,http://viaf.org/viaf/120695789,2942,CZ_books;CZ_articles,,,,,,,False
"Stachová, Helena",Stachová,Helena,1860-04-08T00:00:00Z,1932-07-06T00:00:00Z,https://www.wikidata.org/wiki/Q49757|https://www.wikidata.org/wiki/Q36180|https://www.wikidata.org/wiki/Q4263842,https://www.wikidata.org/wiki/Q4196415,https://www.wikidata.org/wiki/Q270,https://www.wikidata.org/wiki/Q8441,https://www.wikidata.org/wiki/Q4893733,http://viaf.org/viaf/39411801,2943,CZ_books,,,,,,,False
"Tesař, Jan",Tesař,Jan,1933-06-02T00:00:00Z,,https://www.wikidata.org/wiki/Q36180,https://www.wikidata.org/wiki/Q1332942,,https://www.wikidata.org/wiki/Q8441,https://www.wikidata.org/wiki/Q12023164,http://viaf.org/viaf/3387615,2944,CZ_books;CZ_articles,,,,,,,False
"Čapková, Dagmar",Čapková,Dagmar,1925-09-13T00:00:00Z,2016-05-24T00:00:00Z,https://www.wikidata.org/wiki/Q2251335|https://www.wikidata.org/wiki/Q1622272|https://www.wikidata.org/wiki/Q6051619,https://www.wikidata.org/wiki/Q11084843,https://www.wikidata.org/wiki/Q1085,https://www.wikidata.org/wiki/Q467,https://www.wikidata.org/wiki/Q21199056,http://viaf.org/viaf/22175956,2948,CZ_books,,,,,,,False
"Divišová, Milada",Divišová,Milada,,,,,,,,http://viaf.org/viaf/60316416,2949,CZ_books,,,,,,,False
Klon Jan,Klon,Jan,,,,,,,,http://viaf.org/viaf/302734208,295,PL_BN_books,,,,,,,False
"Forst, Vladimír",Forst,Vladimír,1921-07-13T00:00:00Z,2010-07-28T00:00:00Z,https://www.wikidata.org/wiki/Q2251335|https://www.wikidata.org/wiki/Q6430706|https://www.wikidata.org/wiki/Q13570226|https://www.wikidata.org/wiki/Q36180,https://www.wikidata.org/wiki/Q1085,https://www.wikidata.org/wiki/Q1000101,https://www.wikidata.org/wiki/Q8441,https://www.wikidata.org/wiki/Q11904350,http://viaf.org/viaf/46793011,2950,CZ_books,,,,,,,False
"Grebeníčková, Růžena",Grebeníčková,Růžena,1925-11-01T00:00:00Z,1997-07-21T00:00:00Z,https://www.wikidata.org/wiki/Q4263842|https://www.wikidata.org/wiki/Q36180|https://www.wikidata.org/wiki/Q6430706|https://www.wikidata.org/wiki/Q13570226|https://www.wikidata.org/wiki/Q333634,https://www.wikidata.org/wiki/Q1000056,https://www.wikidata.org/wiki/Q1085,https://www.wikidata.org/wiki/Q467,https://www.wikidata.org/wiki/Q7386944,http://viaf.org/viaf/72790783,2951,CZ_books,Helena Matoušová|Aleš Hauzner,,,,,,False
"Sgall, Petr",Sgall,Petr,1926-05-27T00:00:00Z,2019-05-28T00:00:00Z,https://www.wikidata.org/wiki/Q1622272|https://www.wikidata.org/wiki/Q36180|https://www.wikidata.org/wiki/Q14467526,https://www.wikidata.org/wiki/Q16506,https://www.wikidata.org/wiki/Q1085,https://www.wikidata.org/wiki/Q8441,https://www.wikidata.org/wiki/Q7178582,http://viaf.org/viaf/108449812,2953,CZ_books,,,,,,,False
"Jehlička, Miloslav",Jehlička,Miloslav,1921-08-20T00:00:00Z,2001-07-11T00:00:00Z,https://www.wikidata.org/wiki/Q71049101|https://www.wikidata.org/wiki/Q60098894|https://www.wikidata.org/wiki/Q13418253|https://www.wikidata.org/wiki/Q333634,https://www.wikidata.org/wiki/Q393519,,https://www.wikidata.org/wiki/Q8441,https://www.wikidata.org/wiki/Q95106535,http://viaf.org/viaf/61450846,2954,CZ_books,,,,,,,False
"Jungmann, Milan",Jungmann,Milan,1922-01-18T00:00:00Z,2012-01-27T00:00:00Z,https://www.wikidata.org/wiki/Q4263842|https://www.wikidata.org/wiki/Q6051619|https://www.wikidata.org/wiki/Q333634,https://www.wikidata.org/wiki/Q1632184,https://www.wikidata.org/wiki/Q1085,https://www.wikidata.org/wiki/Q8441,https://www.wikidata.org/wiki/Q12037226,http://viaf.org/viaf/97938896,2955,CZ_books,,,,,,,False
"Kalivoda, Robert",Kalivoda,Robert,1923-12-11T00:00:00Z,1989-12-06T00:00:00Z,https://www.wikidata.org/wiki/Q4964182|https://www.wikidata.org/wiki/Q201788,https://www.wikidata.org/wiki/Q1085,https://www.wikidata.org/wiki/Q2321753,https://www.wikidata.org/wiki/Q8441,https://www.wikidata.org/wiki/Q12049499,http://viaf.org/viaf/39418951,2956,CZ_books,,,,,,,False
"Karfík, Vladimír",Karfík,Vladimír,1931-10-01T00:00:00Z,,https://www.wikidata.org/wiki/Q4263842|https://www.wikidata.org/wiki/Q13570226|https://www.wikidata.org/wiki/Q201788|https://www.wikidata.org/wiki/Q876864,https://www.wikidata.org/wiki/Q16506,,https://www.wikidata.org/wiki/Q8441,https://www.wikidata.org/wiki/Q95165141,http://viaf.org/viaf/37070383,2957,CZ_books,Jan Bartoš|Petr Doubrava,,,,,,False
"Kopaničák, Juraj",Kopaničák,Juraj,1921,1997,,,,,,http://viaf.org/viaf/84403799,2958,CZ_books,,,,,,,False
"Kopecký, Jan",Kopecký,Jan,1919-10-13T00:00:00Z❦1919-01-01T00:00:00Z,1992-12-20T00:00:00Z,https://www.wikidata.org/wiki/Q487596|https://www.wikidata.org/wiki/Q10379007|https://www.wikidata.org/wiki/Q4263842|https://www.wikidata.org/wiki/Q876864|https://www.wikidata.org/wiki/Q333634,,https://www.wikidata.org/wiki/Q1085,https://www.wikidata.org/wiki/Q8441,https://www.wikidata.org/wiki/Q104772878,http://viaf.org/viaf/64296804,2959,CZ_books,,,,,,,False
Kluz Stanisław,Kluz,Stanisław,,,,,,,,http://viaf.org/viaf/6440485,296,PL_BN_books,,,,,,,False
"Lotman, Jurij Michajlovič",Lotman,Jurij Michajlovič,1922-02-28T00:00:00Z,1993-10-28T00:00:00Z,https://www.wikidata.org/wiki/Q4964182|https://www.wikidata.org/wiki/Q4773904|https://www.wikidata.org/wiki/Q36180|https://www.wikidata.org/wiki/Q14467526|https://www.wikidata.org/wiki/Q13570226|https://www.wikidata.org/wiki/Q16402907,https://www.wikidata.org/wiki/Q656,https://www.wikidata.org/wiki/Q13972,https://www.wikidata.org/wiki/Q8441,https://www.wikidata.org/wiki/Q360084,http://viaf.org/viaf/107013054,2960,CZ_books,,,,,,,False
"Máslo, Stanislav",Máslo,Stanislav,1929-12-30T00:00:00Z,1997-12-24T00:00:00Z,https://www.wikidata.org/wiki/Q876864,https://www.wikidata.org/wiki/Q394513,,https://www.wikidata.org/wiki/Q8441,https://www.wikidata.org/wiki/Q95132144,http://viaf.org/viaf/83820461,2961,CZ_books,,,,,,,False
"Novotný, Vladimír",Novotný,Vladimír,1946-08-19T00:00:00Z,,https://www.wikidata.org/wiki/Q36180|https://www.wikidata.org/wiki/Q15976341|https://www.wikidata.org/wiki/Q1622272|https://www.wikidata.org/wiki/Q13570226|https://www.wikidata.org/wiki/Q333634,https://www.wikidata.org/wiki/Q1085,,https://www.wikidata.org/wiki/Q8441,https://www.wikidata.org/wiki/Q11907814,http://viaf.org/viaf/71551516,2962,CZ_books,,,,,,,False
"Parolek, Radegast",Parolek,Radegast,1920-12-01T00:00:00Z,2019-09-15T00:00:00Z,https://www.wikidata.org/wiki/Q60098894|https://www.wikidata.org/wiki/Q1231865|https://www.wikidata.org/wiki/Q36180|https://www.wikidata.org/wiki/Q13570226|https://www.wikidata.org/wiki/Q333634,https://www.wikidata.org/wiki/Q1085,https://www.wikidata.org/wiki/Q1085,https://www.wikidata.org/wiki/Q8441,https://www.wikidata.org/wiki/Q12048486,http://viaf.org/viaf/83451439,2963,CZ_books,,,,,,,False
"Červenka, Miroslav",Červenka,Miroslav,1929-05-07T00:00:00Z,2005,https://www.wikidata.org/wiki/Q17167049|https://www.wikidata.org/wiki/Q4964182|https://www.wikidata.org/wiki/Q876864|https://www.wikidata.org/wiki/Q36180|https://www.wikidata.org/wiki/Q12144794|https://www.wikidata.org/wiki/Q15962340|https://www.wikidata.org/wiki/Q333634|https://www.wikidata.org/wiki/Q11774202|https://www.wikidata.org/wiki/Q2504617,https://www.wikidata.org/wiki/Q841296,,https://www.wikidata.org/wiki/Q8441,https://www.wikidata.org/wiki/Q12025432,http://viaf.org/viaf/32056176,2964,CZ_books,,,,,,,False
"Pešat, Zdeněk",Pešat,Zdeněk,1927-11-04T00:00:00Z,2010-03-29T00:00:00Z,https://www.wikidata.org/wiki/Q17167049|https://www.wikidata.org/wiki/Q201788|https://www.wikidata.org/wiki/Q36180|https://www.wikidata.org/wiki/Q1231865,https://www.wikidata.org/wiki/Q48194,https://www.wikidata.org/wiki/Q1085,https://www.wikidata.org/wiki/Q8441,https://www.wikidata.org/wiki/Q10857651,http://viaf.org/viaf/56647725,2965,CZ_books,,,,,,,False
"Sałajczykowa, Janina",Sałajczykowa,Janina,1933,,,,,,,http://viaf.org/viaf/32408122,2966,CZ_books,,,,,,,False
"Smetáček, Vladimír",Smetáček,Vladimír,1939-03-24T00:00:00Z,2018-03-13T00:00:00Z,https://www.wikidata.org/wiki/Q2251335|https://www.wikidata.org/wiki/Q49757|https://www.wikidata.org/wiki/Q333634,https://www.wikidata.org/wiki/Q1899,,https://www.wikidata.org/wiki/Q8441,https://www.wikidata.org/wiki/Q95437379,http://viaf.org/viaf/48138038,2967,CZ_books,,,,,,,False
"Vacík, Miloš",Vacík,Miloš,1922-06-21T00:00:00Z,1999-05-05T00:00:00Z,https://www.wikidata.org/wiki/Q36180|https://www.wikidata.org/wiki/Q6051619|https://www.wikidata.org/wiki/Q6430706|https://www.wikidata.org/wiki/Q49757,https://www.wikidata.org/wiki/Q1785887,https://www.wikidata.org/wiki/Q1085,https://www.wikidata.org/wiki/Q8441,https://www.wikidata.org/wiki/Q12037609,http://viaf.org/viaf/44366508,2968,CZ_books,Václav Vodák,,,,,,False
"Zadražil, Ladislav",Zadražil,Ladislav,1932-06-05T00:00:00Z,2012-01-01T00:00:00Z,https://www.wikidata.org/wiki/Q15976341|https://www.wikidata.org/wiki/Q13570226|https://www.wikidata.org/wiki/Q13418253|https://www.wikidata.org/wiki/Q333634,,,https://www.wikidata.org/wiki/Q8441,https://www.wikidata.org/wiki/Q95391556,http://viaf.org/viaf/14610264,2969,CZ_books,,,,,,,False
Kłopotowski Krzysztof,Kłopotowski,Krzysztof,1946-01-01T00:00:00Z,,https://www.wikidata.org/wiki/Q1930187|https://www.wikidata.org/wiki/Q4220892,,,https://www.wikidata.org/wiki/Q8441,https://www.wikidata.org/wiki/Q11749443,http://viaf.org/viaf/161280080,297,PL_BN_books,,,,,,,False
"Židlický, Václav",Židlický,Václav,1931-04-16T00:00:00Z,2002-08-18T00:00:00Z,https://www.wikidata.org/wiki/Q2251335|https://www.wikidata.org/wiki/Q17167049|https://www.wikidata.org/wiki/Q333634,https://www.wikidata.org/wiki/Q2065576,https://www.wikidata.org/wiki/Q1085,https://www.wikidata.org/wiki/Q8441,https://www.wikidata.org/wiki/Q17044095,http://viaf.org/viaf/68863387,2970,CZ_books,,,,,,,False
"Mikeš, Vladimír",Mikeš,Vladimír,1927-08-11T00:00:00Z,,https://www.wikidata.org/wiki/Q2251335|https://www.wikidata.org/wiki/Q49757|https://www.wikidata.org/wiki/Q36180|https://www.wikidata.org/wiki/Q333634|https://www.wikidata.org/wiki/Q2504617,https://www.wikidata.org/wiki/Q1019936,,https://www.wikidata.org/wiki/Q8441,https://www.wikidata.org/wiki/Q79766624,http://viaf.org/viaf/53713565,2971,CZ_books,,,,,,,False
"Skácel, Jan",Skácel,Jan,1922-02-07T00:00:00Z,1989-11-07T00:00:00Z❦1993-10-30T00:00:00Z,https://www.wikidata.org/wiki/Q876864|https://www.wikidata.org/wiki/Q49757|https://www.wikidata.org/wiki/Q36180|https://www.wikidata.org/wiki/Q333634,https://www.wikidata.org/wiki/Q605873,https://www.wikidata.org/wiki/Q14960,https://www.wikidata.org/wiki/Q8441,https://www.wikidata.org/wiki/Q1383168,http://viaf.org/viaf/115824377,2972,PL_BezCenzury_articles;CZ_books,,,,,,,False
"Sluckij, Boris Abramovič",Sluckij,Boris Abramovič,1919-05-07T00:00:00Z,1986-02-22T00:00:00Z❦1986-02-23T00:00:00Z,https://www.wikidata.org/wiki/Q49757|https://www.wikidata.org/wiki/Q36180|https://www.wikidata.org/wiki/Q333634,https://www.wikidata.org/wiki/Q33581,https://www.wikidata.org/wiki/Q2770,https://www.wikidata.org/wiki/Q8441,https://www.wikidata.org/wiki/Q2047274,http://viaf.org/viaf/56835616,2973,CZ_books,,,,,,,False
"Zenkevič, Michail Aleksandrovič",Zenkevič,Michail Aleksandrovič,1886-05-21T00:00:00Z,1973-09-14T00:00:00Z,https://www.wikidata.org/wiki/Q49757|https://www.wikidata.org/wiki/Q12144794|https://www.wikidata.org/wiki/Q333634,https://www.wikidata.org/wiki/Q4333116,https://www.wikidata.org/wiki/Q649,https://www.wikidata.org/wiki/Q8441,https://www.wikidata.org/wiki/Q1980501,http://viaf.org/viaf/102310862,2974,CZ_books,,,,,,,False
"Brjusov, Valerij Jakovlevič",Brjusov,Valerij Jakovlevič,1873-12-13T00:00:00Z,1924-10-09T00:00:00Z,https://www.wikidata.org/wiki/Q492537|https://www.wikidata.org/wiki/Q487596|https://www.wikidata.org/wiki/Q17167049|https://www.wikidata.org/wiki/Q4263842|https://www.wikidata.org/wiki/Q4964182|https://www.wikidata.org/wiki/Q49757|https://www.wikidata.org/wiki/Q36180|https://www.wikidata.org/wiki/Q12144794|https://www.wikidata.org/wiki/Q17167049|https://www.wikidata.org/wiki/Q1066186|https://www.wikidata.org/wiki/Q13570226|https://www.wikidata.org/wiki/Q333634|https://www.wikidata.org/wiki/Q18844224,https://www.wikidata.org/wiki/Q649,https://www.wikidata.org/wiki/Q649,https://www.wikidata.org/wiki/Q8441,https://www.wikidata.org/wiki/Q316374,http://viaf.org/viaf/30328057,2975,CZ_books,3. Фукс|Аврелий|Валерий Маслов|Даров|Нелли|В. Бакулин|Ptyx|В. А. Маслов|К. Веригин,,,,,,False
"Ejdel'man, Natan Jakovlevič",Ejdel'man,Natan Jakovlevič,1930-04-18T00:00:00Z,1989-11-29T00:00:00Z,https://www.wikidata.org/wiki/Q201788|https://www.wikidata.org/wiki/Q17167049|https://www.wikidata.org/wiki/Q36180|https://www.wikidata.org/wiki/Q14467526,https://www.wikidata.org/wiki/Q649,https://www.wikidata.org/wiki/Q649,https://www.wikidata.org/wiki/Q8441,https://www.wikidata.org/wiki/Q4529999,http://viaf.org/viaf/71426162,2976,CZ_books,,,,,,,False
"Zábrana, Jan",Zábrana,Jan,1931-06-04T00:00:00Z,1984-09-03T00:00:00Z,https://www.wikidata.org/wiki/Q49757|https://www.wikidata.org/wiki/Q36180|https://www.wikidata.org/wiki/Q14467526|https://www.wikidata.org/wiki/Q333634,https://www.wikidata.org/wiki/Q164486,https://www.wikidata.org/wiki/Q1085,https://www.wikidata.org/wiki/Q8441,https://www.wikidata.org/wiki/Q1379730,http://viaf.org/viaf/71448238,2977,CZ_books,,,,,,,False
"Arnautová, Maita",Arnautová,Maita,1939-02-21T00:00:00Z,,,https://www.wikidata.org/wiki/Q1085,,https://www.wikidata.org/wiki/Q467,https://www.wikidata.org/wiki/Q95164316,http://viaf.org/viaf/83657032,2978,CZ_books,,,,,,,False
"Kabíček, Jaroslav",Kabíček,Jaroslav,1931-10-11T00:00:00Z,1996-02-02T00:00:00Z,https://www.wikidata.org/wiki/Q1930187|https://www.wikidata.org/wiki/Q49757|https://www.wikidata.org/wiki/Q876864|https://www.wikidata.org/wiki/Q333634,https://www.wikidata.org/wiki/Q11878350,https://www.wikidata.org/wiki/Q1085,https://www.wikidata.org/wiki/Q8441,https://www.wikidata.org/wiki/Q20071007,http://viaf.org/viaf/31223376,2979,CZ_books,,,,,,,False
"Mulač, Jiří",Mulač,Jiří,1924-11-17T00:00:00Z,1989-12-19T00:00:00Z,https://www.wikidata.org/wiki/Q876864|https://www.wikidata.org/wiki/Q333634,,,https://www.wikidata.org/wiki/Q8441,https://www.wikidata.org/wiki/Q95214055,http://viaf.org/viaf/5948024,2980,CZ_books,,,,,,,False
"Camutaliová, Irena",Camutaliová,Irena,1926-04-24T00:00:00Z,,https://www.wikidata.org/wiki/Q60098894|https://www.wikidata.org/wiki/Q333634,https://www.wikidata.org/wiki/Q1085,,https://www.wikidata.org/wiki/Q467,https://www.wikidata.org/wiki/Q95069554,http://viaf.org/viaf/83680750,2981,CZ_books,,,,,,,False
"Zadražilová, Miluše",Zadražilová,Miluše,1934-11-17T00:00:00Z❦1937-11-17T00:00:00Z,2012-06-30T00:00:00Z,https://www.wikidata.org/wiki/Q1622272|https://www.wikidata.org/wiki/Q36180|https://www.wikidata.org/wiki/Q333634,https://www.wikidata.org/wiki/Q1652713,https://www.wikidata.org/wiki/Q1085,https://www.wikidata.org/wiki/Q467,https://www.wikidata.org/wiki/Q29867243,http://viaf.org/viaf/70644106,2982,CZ_books,,,,,,,False
"Nováková, Anna",Nováková,Anna,1921-07-22T00:00:00Z,2005-05-31T00:00:00Z,https://www.wikidata.org/wiki/Q36180|https://www.wikidata.org/wiki/Q333634,https://www.wikidata.org/wiki/Q246634,https://www.wikidata.org/wiki/Q1085,https://www.wikidata.org/wiki/Q467,https://www.wikidata.org/wiki/Q15631219,http://viaf.org/viaf/48950551,2983,CZ_books,,,,,,,False
"Bourdeaux, Michael",Bourdeaux,Michael,1934-03-19T00:00:00Z,2021-03-29T00:00:00Z,https://www.wikidata.org/wiki/Q201788,https://www.wikidata.org/wiki/Q7239103,,https://www.wikidata.org/wiki/Q8441,https://www.wikidata.org/wiki/Q12036617,http://viaf.org/viaf/64055456,2985,CZ_books,,,,,,,False
"Janas, Zbigniew",Janas,Zbigniew,1953-07-02T00:00:00Z,,https://www.wikidata.org/wiki/Q82955,https://www.wikidata.org/wiki/Q270,,https://www.wikidata.org/wiki/Q8441,https://www.wikidata.org/wiki/Q9387950,http://viaf.org/viaf/308734748,2989,CZ_books;CZ_articles,,,,,,,False
Knapp Stefan,Knapp,Stefan,,,,,,,,http://viaf.org/viaf/2397151778257718130003,299,PL_BN_books,,,,,,,False
"Kazańczuk, Wincenty",Kazańczuk,Wincenty,,,,,,,,,2990,CZ_books,,,,,,,False
Kuczyński Waldemar,Kuczyński,Waldemar,1939-11-22T00:00:00Z,,https://www.wikidata.org/wiki/Q1930187|https://www.wikidata.org/wiki/Q1227195,https://www.wikidata.org/wiki/Q52842,,https://www.wikidata.org/wiki/Q8441,https://www.wikidata.org/wiki/Q9370194,http://viaf.org/viaf/27323074,2991,CZ_books;CZ_articles;PL_BN_books,,,,,,,False
"Petuchowski, Jakob Josef",Petuchowski,Jakob Josef,1925-07-30T00:00:00Z,1991-11-12T00:00:00Z,https://www.wikidata.org/wiki/Q133485|https://www.wikidata.org/wiki/Q1622272|https://www.wikidata.org/wiki/Q5121550,https://www.wikidata.org/wiki/Q64,https://www.wikidata.org/wiki/Q43196,https://www.wikidata.org/wiki/Q8441,https://www.wikidata.org/wiki/Q1455693,http://viaf.org/viaf/110590325,2993,CZ_books,,,,,,,False
"Krajewski, Stanisław",Krajewski,Stanisław,1950-01-01T00:00:00Z,,https://www.wikidata.org/wiki/Q4964182|https://www.wikidata.org/wiki/Q170790,https://www.wikidata.org/wiki/Q270,,https://www.wikidata.org/wiki/Q8441,https://www.wikidata.org/wiki/Q510166,http://viaf.org/viaf/42130330,2994,CZ_books,,,,,,,False
"Świderska, Ewa",Świderska,Ewa,,,,,,,,http://viaf.org/viaf/164192922,2995,CZ_books,,,,,,,False
"Orzeszkowa, Eliza",Orzeszkowa,Eliza,1841-06-06T00:00:00Z,1910-05-18T00:00:00Z,https://www.wikidata.org/wiki/Q11774202|https://www.wikidata.org/wiki/Q36180|https://www.wikidata.org/wiki/Q333634,https://www.wikidata.org/wiki/Q653342,https://www.wikidata.org/wiki/Q181376,https://www.wikidata.org/wiki/Q467,https://www.wikidata.org/wiki/Q240174,http://viaf.org/viaf/44349228,2997,CZ_books,Li…ka|Bąk (z Wa-Lit-No)|Gabriela Litwinka|E. O.,,,,,,False
"Tyszko, Serafin",Tyszko,Serafin,,,,,,,,http://viaf.org/viaf/164214217,2998,CZ_books,,['bratr'],,,bratr,,False
"Słonimski, Antoni",Słonimski,Antoni,1895-10-15T00:00:00Z❦1895-11-15T00:00:00Z,1976-07-04T00:00:00Z,https://www.wikidata.org/wiki/Q487596|https://www.wikidata.org/wiki/Q1930187|https://www.wikidata.org/wiki/Q1028181|https://www.wikidata.org/wiki/Q4263842|https://www.wikidata.org/wiki/Q49757|https://www.wikidata.org/wiki/Q36180|https://www.wikidata.org/wiki/Q482980|https://www.wikidata.org/wiki/Q6051619|https://www.wikidata.org/wiki/Q18844224,https://www.wikidata.org/wiki/Q270,https://www.wikidata.org/wiki/Q270,https://www.wikidata.org/wiki/Q8441,https://www.wikidata.org/wiki/Q598050,http://viaf.org/viaf/56651373,2999,CZ_books,Pro-rok,,,,,,False
Bažanov Boris Georg'evič,Bažanov,Boris Georg'evič,1900-08-09T00:00:00Z,1982-12-30T00:00:00Z,https://www.wikidata.org/wiki/Q82955|https://www.wikidata.org/wiki/Q80687|https://www.wikidata.org/wiki/Q36180,https://www.wikidata.org/wiki/Q997469,https://www.wikidata.org/wiki/Q90,https://www.wikidata.org/wiki/Q8441,https://www.wikidata.org/wiki/Q893660,http://viaf.org/viaf/262928842,300,PL_BN_books,,,,,Bażanow Borys,,False
"Kabeš, Petr",Kabeš,Petr,1941-06-21T00:00:00Z,2005-07-09T00:00:00Z,https://www.wikidata.org/wiki/Q49757|https://www.wikidata.org/wiki/Q36180,https://www.wikidata.org/wiki/Q36989,https://www.wikidata.org/wiki/Q1085,https://www.wikidata.org/wiki/Q8441,https://www.wikidata.org/wiki/Q12044893,http://viaf.org/viaf/5341218,3000,PL_BezCenzury_articles;CZ_books,,,,,,,False
"Kolář, Jiří",Kolář,Jiří,1914-09-24T00:00:00Z,2002-08-11T00:00:00Z,https://www.wikidata.org/wiki/Q487596|https://www.wikidata.org/wiki/Q22343478|https://www.wikidata.org/wiki/Q1028181|https://www.wikidata.org/wiki/Q3243461|https://www.wikidata.org/wiki/Q49757|https://www.wikidata.org/wiki/Q36180|https://www.wikidata.org/wiki/Q15296811|https://www.wikidata.org/wiki/Q3391743|https://www.wikidata.org/wiki/Q333634,https://www.wikidata.org/wiki/Q1017045,https://www.wikidata.org/wiki/Q1085,https://www.wikidata.org/wiki/Q8441,https://www.wikidata.org/wiki/Q699793,http://viaf.org/viaf/97968340,3001,PL_BezCenzury_articles;CZ_books,,,,,,,False
"Rotrekl, Zdeněk",Rotrekl,Zdeněk,1920-10-01T00:00:00Z,2013-06-09T00:00:00Z,https://www.wikidata.org/wiki/Q49757|https://www.wikidata.org/wiki/Q36180|https://www.wikidata.org/wiki/Q12144794|https://www.wikidata.org/wiki/Q876864|https://www.wikidata.org/wiki/Q13570226|https://www.wikidata.org/wiki/Q6051619,https://www.wikidata.org/wiki/Q14960,https://www.wikidata.org/wiki/Q14960,https://www.wikidata.org/wiki/Q8441,https://www.wikidata.org/wiki/Q10857682,http://viaf.org/viaf/54206403,3002,CZ_books,,,,,,,False
"Hejda, Zbyněk",Hejda,Zbyněk,1930-02-02T00:00:00Z,2013-11-16T00:00:00Z,https://www.wikidata.org/wiki/Q201788|https://www.wikidata.org/wiki/Q49757|https://www.wikidata.org/wiki/Q36180|https://www.wikidata.org/wiki/Q14467526|https://www.wikidata.org/wiki/Q333634,https://www.wikidata.org/wiki/Q180139,https://www.wikidata.org/wiki/Q1085,https://www.wikidata.org/wiki/Q8441,https://www.wikidata.org/wiki/Q168307,http://viaf.org/viaf/2503859,3003,CZ_books,,,,,,,False
"Kusý, Miroslav",Kusý,Miroslav,1931-12-01T00:00:00Z,2019-02-13T00:00:00Z,https://www.wikidata.org/wiki/Q4964182|https://www.wikidata.org/wiki/Q36180|https://www.wikidata.org/wiki/Q1238570|https://www.wikidata.org/wiki/Q1622272|https://www.wikidata.org/wiki/Q82955|https://www.wikidata.org/wiki/Q6051619,https://www.wikidata.org/wiki/Q1780,https://www.wikidata.org/wiki/Q1780,https://www.wikidata.org/wiki/Q8441,https://www.wikidata.org/wiki/Q746905,http://viaf.org/viaf/10259133,3004,CZ_books;CZ_articles,,,,,,,False
"Rotrekl, Zdeněk",Rotrekl,Zdeněk,1930-05-11T00:00:00Z,2013,https://www.wikidata.org/wiki/Q487596|https://www.wikidata.org/wiki/Q1930187|https://www.wikidata.org/wiki/Q36180|https://www.wikidata.org/wiki/Q82955|https://www.wikidata.org/wiki/Q28389,https://www.wikidata.org/wiki/Q1085,,https://www.wikidata.org/wiki/Q467,https://www.wikidata.org/wiki/Q433564,http://viaf.org/viaf/7685151778235218130002,3005,PL_BezCenzury_articles;CZ_books,,,,,,,False
"Rotrekl, Zdeněk",Rotrekl,Zdeněk,1928-12-06T00:00:00Z,1997-03-13T00:00:00Z,https://www.wikidata.org/wiki/Q36180|https://www.wikidata.org/wiki/Q28389,https://www.wikidata.org/wiki/Q969277,https://www.wikidata.org/wiki/Q1085,https://www.wikidata.org/wiki/Q8441,https://www.wikidata.org/wiki/Q1729182,http://viaf.org/viaf/76353381,3006,CZ_books,,,,,,,False
"Rotrekl, Zdeněk",Rotrekl,Zdeněk,1936-07-28T00:00:00Z,2013,https://www.wikidata.org/wiki/Q487596|https://www.wikidata.org/wiki/Q49757|https://www.wikidata.org/wiki/Q36180|https://www.wikidata.org/wiki/Q82955|https://www.wikidata.org/wiki/Q6430706,https://www.wikidata.org/wiki/Q14960,,https://www.wikidata.org/wiki/Q8441,https://www.wikidata.org/wiki/Q644098,http://viaf.org/viaf/104028379,3007,CZ_books,,,,,,,False
"Pithart, Petr",Pithart,Petr,1941-01-02T00:00:00Z,,https://www.wikidata.org/wiki/Q1231865|https://www.wikidata.org/wiki/Q185351|https://www.wikidata.org/wiki/Q1238570|https://www.wikidata.org/wiki/Q82955|https://www.wikidata.org/wiki/Q333634|https://www.wikidata.org/wiki/Q6051619,https://www.wikidata.org/wiki/Q155993,,https://www.wikidata.org/wiki/Q8441,https://www.wikidata.org/wiki/Q685676,http://viaf.org/viaf/39436573,3008,CZ_books,,,,,,,False
"Urbánek, Zdeněk",Urbánek,Zdeněk,1917-10-12T00:00:00Z,2008-07-12T00:00:00Z❦2008-06-12T00:00:00Z,https://www.wikidata.org/wiki/Q1930187|https://www.wikidata.org/wiki/Q10379007|https://www.wikidata.org/wiki/Q1231865|https://www.wikidata.org/wiki/Q876864|https://www.wikidata.org/wiki/Q49757|https://www.wikidata.org/wiki/Q36180|https://www.wikidata.org/wiki/Q333634,https://www.wikidata.org/wiki/Q1085,https://www.wikidata.org/wiki/Q1085,https://www.wikidata.org/wiki/Q8441,https://www.wikidata.org/wiki/Q169070,http://viaf.org/viaf/29583837,3009,CZ_books;CZ_articles,,,,,,,False
Kocurzycki Janusz,Kocurzycki,Janusz,,,,,,,,http://viaf.org/viaf/303695074,301,PL_BN_books,,,,,,,False
"Trefulka, Jan",Trefulka,Jan,1929-05-15T00:00:00Z,2012-11-22T00:00:00Z,https://www.wikidata.org/wiki/Q1930187|https://www.wikidata.org/wiki/Q4263842|https://www.wikidata.org/wiki/Q49757|https://www.wikidata.org/wiki/Q36180|https://www.wikidata.org/wiki/Q876864|https://www.wikidata.org/wiki/Q333634|https://www.wikidata.org/wiki/Q18844224,https://www.wikidata.org/wiki/Q14960,https://www.wikidata.org/wiki/Q14960,https://www.wikidata.org/wiki/Q8441,https://www.wikidata.org/wiki/Q116013,http://viaf.org/viaf/56629814,3010,CZ_books;CZ_articles,,,,,,,False
"Greiner, Ulrich",Greiner,Ulrich,1945-09-19T00:00:00Z,,https://www.wikidata.org/wiki/Q36180|https://www.wikidata.org/wiki/Q1930187|https://www.wikidata.org/wiki/Q482980|https://www.wikidata.org/wiki/Q4263842,https://www.wikidata.org/wiki/Q3042,,https://www.wikidata.org/wiki/Q8441,https://www.wikidata.org/wiki/Q2475865,http://viaf.org/viaf/19807379,3011,CZ_books,,,,,,,False
"Rotrekl, Zdeněk",Rotrekl,Zdeněk,1940-01-04T00:00:00Z,2013,https://www.wikidata.org/wiki/Q487596|https://www.wikidata.org/wiki/Q1930187|https://www.wikidata.org/wiki/Q876864|https://www.wikidata.org/wiki/Q36180|https://www.wikidata.org/wiki/Q635734|https://www.wikidata.org/wiki/Q13418253,https://www.wikidata.org/wiki/Q14960,,https://www.wikidata.org/wiki/Q8441,https://www.wikidata.org/wiki/Q1376721,http://viaf.org/viaf/116699011,3012,CZ_books,,,,,,,False
"Šimečka, Milan",Šimečka,Milan,1930-03-06T00:00:00Z,1990-09-24T00:00:00Z,https://www.wikidata.org/wiki/Q4964182|https://www.wikidata.org/wiki/Q15958642|https://www.wikidata.org/wiki/Q36180|https://www.wikidata.org/wiki/Q4263842,https://www.wikidata.org/wiki/Q890949,https://www.wikidata.org/wiki/Q1085,https://www.wikidata.org/wiki/Q8441,https://www.wikidata.org/wiki/Q3565654,http://viaf.org/viaf/49231683,3013,CZ_books;CZ_articles,,,,,,,False
"Kriseová, Eda",Kriseová,Eda,1940-07-18T00:00:00Z,,https://www.wikidata.org/wiki/Q1930187|https://www.wikidata.org/wiki/Q36180,https://www.wikidata.org/wiki/Q1085,,https://www.wikidata.org/wiki/Q467,https://www.wikidata.org/wiki/Q1282578,http://viaf.org/viaf/14821064,3014,PL_BezCenzury_articles;CZ_books,,,,,,,False
"Klíma, Ivan",Klíma,Ivan,1931-09-14T00:00:00Z,,https://www.wikidata.org/wiki/Q487596|https://www.wikidata.org/wiki/Q1930187|https://www.wikidata.org/wiki/Q1231865|https://www.wikidata.org/wiki/Q49757|https://www.wikidata.org/wiki/Q36180|https://www.wikidata.org/wiki/Q6625963|https://www.wikidata.org/wiki/Q11774202|https://www.wikidata.org/wiki/Q6051619,https://www.wikidata.org/wiki/Q1780,,https://www.wikidata.org/wiki/Q8441,https://www.wikidata.org/wiki/Q506582,http://viaf.org/viaf/32047415,3015,PL_BezCenzury_articles;CZ_books;CZ_articles,,,,,,,False
"Rotrekl, Zdeněk",Rotrekl,Zdeněk,1933-01-03T00:00:00Z,2012-12-07T00:00:00Z,https://www.wikidata.org/wiki/Q201788,https://www.wikidata.org/wiki/Q166884,https://www.wikidata.org/wiki/Q1780,https://www.wikidata.org/wiki/Q8441,https://www.wikidata.org/wiki/Q763103,http://viaf.org/viaf/69351025,3016,CZ_books,,,,,,,False
"Hanzelka, Jiří",Hanzelka,Jiří,1920-12-24T00:00:00Z,2003-02-05T00:00:00Z❦2003-02-15T00:00:00Z,https://www.wikidata.org/wiki/Q1930187|https://www.wikidata.org/wiki/Q3282637|https://www.wikidata.org/wiki/Q1937330|https://www.wikidata.org/wiki/Q2526255|https://www.wikidata.org/wiki/Q36180|https://www.wikidata.org/wiki/Q28389|https://www.wikidata.org/wiki/Q33231,https://www.wikidata.org/wiki/Q392466,https://www.wikidata.org/wiki/Q1085,https://www.wikidata.org/wiki/Q8441,https://www.wikidata.org/wiki/Q326409,http://viaf.org/viaf/71466298,3017,CZ_books,,,,,,,False
"Zikmund, Miroslav",Zikmund,Miroslav,1919-02-14T00:00:00Z,,https://www.wikidata.org/wiki/Q1930187|https://www.wikidata.org/wiki/Q3282637|https://www.wikidata.org/wiki/Q1937330|https://www.wikidata.org/wiki/Q2526255|https://www.wikidata.org/wiki/Q36180|https://www.wikidata.org/wiki/Q1208175|https://www.wikidata.org/wiki/Q28389|https://www.wikidata.org/wiki/Q6051619|https://www.wikidata.org/wiki/Q33231,https://www.wikidata.org/wiki/Q43453,,https://www.wikidata.org/wiki/Q8441,https://www.wikidata.org/wiki/Q326424,http://viaf.org/viaf/118550453,3018,CZ_books,,,,,,,False
"Rotrekl, Zdeněk",Rotrekl,Zdeněk,1951-03-24T00:00:00Z,2013,https://www.wikidata.org/wiki/Q36180|https://www.wikidata.org/wiki/Q6051619|https://www.wikidata.org/wiki/Q28389,https://www.wikidata.org/wiki/Q81137,,https://www.wikidata.org/wiki/Q467,https://www.wikidata.org/wiki/Q12032937,http://viaf.org/viaf/49443545,3019,CZ_books,,,,,,,False
Koestler Arthur,Koestler,Arthur,1905-09-05T00:00:00Z,1983-03-01T00:00:00Z,https://www.wikidata.org/wiki/Q1930187|https://www.wikidata.org/wiki/Q18814623|https://www.wikidata.org/wiki/Q4964182|https://www.wikidata.org/wiki/Q36180|https://www.wikidata.org/wiki/Q28389|https://www.wikidata.org/wiki/Q6625963,https://www.wikidata.org/wiki/Q1781,https://www.wikidata.org/wiki/Q84,https://www.wikidata.org/wiki/Q8441,https://www.wikidata.org/wiki/Q78494,http://viaf.org/viaf/59084510,302,PL_BN_books,,,,,,,False
"Chramostová, Vlasta",Chramostová,Vlasta,1926-11-17T00:00:00Z,2019-10-06T00:00:00Z,https://www.wikidata.org/wiki/Q33999,https://www.wikidata.org/wiki/Q14960,https://www.wikidata.org/wiki/Q1085,https://www.wikidata.org/wiki/Q467,https://www.wikidata.org/wiki/Q3509625,http://viaf.org/viaf/56917871,3020,CZ_books,,,,,,,False
"Švanda, Pavel",Švanda,Pavel,1936-06-06T00:00:00Z,,https://www.wikidata.org/wiki/Q1930187|https://www.wikidata.org/wiki/Q1231865|https://www.wikidata.org/wiki/Q17337766|https://www.wikidata.org/wiki/Q4263842|https://www.wikidata.org/wiki/Q49757|https://www.wikidata.org/wiki/Q36180|https://www.wikidata.org/wiki/Q12144794|https://www.wikidata.org/wiki/Q11774202|https://www.wikidata.org/wiki/Q4220892,https://www.wikidata.org/wiki/Q214956,,https://www.wikidata.org/wiki/Q8441,https://www.wikidata.org/wiki/Q12044347,http://viaf.org/viaf/28252501,3021,CZ_books,,,,,,,False
"Rotrekl, Zdeněk",Rotrekl,Zdeněk,1918-12-29T00:00:00Z,1995-11-24T00:00:00Z,https://www.wikidata.org/wiki/Q10379007|https://www.wikidata.org/wiki/Q17337766|https://www.wikidata.org/wiki/Q876864|https://www.wikidata.org/wiki/Q36180|https://www.wikidata.org/wiki/Q6430706|https://www.wikidata.org/wiki/Q333634,https://www.wikidata.org/wiki/Q649,https://www.wikidata.org/wiki/Q1085,https://www.wikidata.org/wiki/Q8441,https://www.wikidata.org/wiki/Q12051502,http://viaf.org/viaf/44330507,3022,PL_BezCenzury_articles;CZ_books,,,,,,,False
"Gruša, Jiří",Gruša,Jiří,1938-11-10T00:00:00Z,2011-10-28T00:00:00Z,https://www.wikidata.org/wiki/Q487596|https://www.wikidata.org/wiki/Q4853732|https://www.wikidata.org/wiki/Q4263842|https://www.wikidata.org/wiki/Q49757|https://www.wikidata.org/wiki/Q36180|https://www.wikidata.org/wiki/Q82955|https://www.wikidata.org/wiki/Q193391|https://www.wikidata.org/wiki/Q333634,https://www.wikidata.org/wiki/Q36989,https://www.wikidata.org/wiki/Q1715,https://www.wikidata.org/wiki/Q8441,https://www.wikidata.org/wiki/Q64579,http://viaf.org/viaf/34457607,3023,PL_BezCenzury_books;CZ_books;PL_BezCenzury_articles;PL_BN_books,,,,,,,False
"Kotrlá, Iva",Kotrlá,Iva,1947-12-16T00:00:00Z,,https://www.wikidata.org/wiki/Q49757|https://www.wikidata.org/wiki/Q876864|https://www.wikidata.org/wiki/Q36180|https://www.wikidata.org/wiki/Q12144794,https://www.wikidata.org/wiki/Q1853546,,https://www.wikidata.org/wiki/Q467,https://www.wikidata.org/wiki/Q94129427,http://viaf.org/viaf/7471745,3024,CZ_books;CZ_articles,Klement,,,,,,False
"Pitínský, Jan Antonín",Pitínský,Jan Antonín,1955-10-30T00:00:00Z,,https://www.wikidata.org/wiki/Q487596|https://www.wikidata.org/wiki/Q3455803|https://www.wikidata.org/wiki/Q49757|https://www.wikidata.org/wiki/Q36180|https://www.wikidata.org/wiki/Q333634,https://www.wikidata.org/wiki/Q171018,,https://www.wikidata.org/wiki/Q8441,https://www.wikidata.org/wiki/Q12022379,http://viaf.org/viaf/12460008,3025,CZ_books;CZ_articles,,,,,,,False
"Skála, Martin",Skála,Martin,,,,,,,,http://viaf.org/viaf/301076924,3026,CZ_books,,,,,,,False
Kogelfranz Siegfried,Kogelfranz,Siegfried,,,,,,,,http://viaf.org/viaf/20815961,303,PL_BN_books,,,,,,,False
"Łabędź, Leopold",Łabędź,Leopold,1920-01-22T00:00:00Z,1993-03-22T00:00:00Z,https://www.wikidata.org/wiki/Q1930187|https://www.wikidata.org/wiki/Q876864|https://www.wikidata.org/wiki/Q201788|https://www.wikidata.org/wiki/Q1238570,https://www.wikidata.org/wiki/Q5627,https://www.wikidata.org/wiki/Q84,https://www.wikidata.org/wiki/Q8441,https://www.wikidata.org/wiki/Q6527003,http://viaf.org/viaf/61669395,3030,CZ_books,,,,,,,False
"Półtawska, Wanda",Półtawska,Wanda,1921-10-02T00:00:00Z,,https://www.wikidata.org/wiki/Q211346,https://www.wikidata.org/wiki/Q37333,,https://www.wikidata.org/wiki/Q467,https://www.wikidata.org/wiki/Q535621,http://viaf.org/viaf/59761390,3031,CZ_books,,,,,,,False
"Wynnyczuk, Vladimír",Wynnyczuk,Vladimír,1921-02-01T00:00:00Z,2002-04-20T00:00:00Z,https://www.wikidata.org/wiki/Q12360779,https://www.wikidata.org/wiki/Q1085,,https://www.wikidata.org/wiki/Q8441,https://www.wikidata.org/wiki/Q95151798,http://viaf.org/viaf/83969898,3032,CZ_books,,,,,,,False
"Finnis, John",Finnis,John,1940-07-28T00:00:00Z,,https://www.wikidata.org/wiki/Q16012028|https://www.wikidata.org/wiki/Q4964182,https://www.wikidata.org/wiki/Q5112,,https://www.wikidata.org/wiki/Q8441,https://www.wikidata.org/wiki/Q3312283,http://viaf.org/viaf/101936374,3033,CZ_books,,,,,,,False
"Vilmar, K.",Vilmar,K.,1930-04-24T00:00:00Z,,https://www.wikidata.org/wiki/Q39631,https://www.wikidata.org/wiki/Q24879,,https://www.wikidata.org/wiki/Q8441,https://www.wikidata.org/wiki/Q1734484,http://viaf.org/viaf/302258750,3034,CZ_books,,,,,,,False
"Pfeifer, Samuel",Pfeifer,Samuel,1952-01-01T00:00:00Z,,https://www.wikidata.org/wiki/Q1622272|https://www.wikidata.org/wiki/Q211346|https://www.wikidata.org/wiki/Q1900167|https://www.wikidata.org/wiki/Q15980158,,,https://www.wikidata.org/wiki/Q8441,https://www.wikidata.org/wiki/Q2218733,http://viaf.org/viaf/78814916,3035,CZ_books,,,,,,,False
"Connery, John R.",Connery,John R.,1913-01-01T00:00:00Z,,,,,https://www.wikidata.org/wiki/Q8441,https://www.wikidata.org/wiki/Q93232963,http://viaf.org/viaf/35849828,3036,CZ_books,,,,,,,False
"Curran, Charles E.",Curran,Charles E.,1934-03-30T00:00:00Z,,https://www.wikidata.org/wiki/Q1234713|https://www.wikidata.org/wiki/Q36180,https://www.wikidata.org/wiki/Q49218,,https://www.wikidata.org/wiki/Q8441,https://www.wikidata.org/wiki/Q2958829,http://viaf.org/viaf/79044376,3039,CZ_books,,,,,,,False
"Kohout, Pavel",Kohout,Pavel,1928-07-20T00:00:00Z,,https://www.wikidata.org/wiki/Q487596|https://www.wikidata.org/wiki/Q1930187|https://www.wikidata.org/wiki/Q3455803|https://www.wikidata.org/wiki/Q49757|https://www.wikidata.org/wiki/Q36180|https://www.wikidata.org/wiki/Q28389|https://www.wikidata.org/wiki/Q333634|https://www.wikidata.org/wiki/Q18844224,https://www.wikidata.org/wiki/Q1085,,https://www.wikidata.org/wiki/Q8441,https://www.wikidata.org/wiki/Q163557,http://viaf.org/viaf/56612039,304,PL_BezCenzury_books;CZ_articles;PL_BezCenzury_articles;PL_BN_books,,,,,,,False
"Tresmontant, Claude",Tresmontant,Claude,1925-08-05T00:00:00Z,1997-04-16T00:00:00Z,https://www.wikidata.org/wiki/Q1234713|https://www.wikidata.org/wiki/Q4964182,https://www.wikidata.org/wiki/Q90,https://www.wikidata.org/wiki/Q90,https://www.wikidata.org/wiki/Q8441,https://www.wikidata.org/wiki/Q2732787,http://viaf.org/viaf/100166263,3040,CZ_books,,,,,,,False
"Torelló, Johannes B.",Torelló,Johannes B.,1920-11-07T00:00:00Z,2011-08-15T00:00:00Z,https://www.wikidata.org/wiki/Q211346|https://www.wikidata.org/wiki/Q39631|https://www.wikidata.org/wiki/Q49757|https://www.wikidata.org/wiki/Q36180|https://www.wikidata.org/wiki/Q1900167|https://www.wikidata.org/wiki/Q250867|https://www.wikidata.org/wiki/Q1622272|https://www.wikidata.org/wiki/Q482980|https://www.wikidata.org/wiki/Q783906,https://www.wikidata.org/wiki/Q1492,https://www.wikidata.org/wiki/Q1741,https://www.wikidata.org/wiki/Q8441,https://www.wikidata.org/wiki/Q1697190,http://viaf.org/viaf/51297865,3041,CZ_books,,,,,,,False
"Schmitz, Philipp",Schmitz,Philipp,1935-11-22T00:00:00Z,2015-08-29T00:00:00Z,https://www.wikidata.org/wiki/Q1622272|https://www.wikidata.org/wiki/Q15980158,https://www.wikidata.org/wiki/Q365,https://www.wikidata.org/wiki/Q365,https://www.wikidata.org/wiki/Q8441,https://www.wikidata.org/wiki/Q20925102,http://viaf.org/viaf/93426100,3042,CZ_books,,,,,,,False
"Nathason, Bernard",Nathason,Bernard,1926-07-31T00:00:00Z,2011-02-21T00:00:00Z,https://www.wikidata.org/wiki/Q2640827|https://www.wikidata.org/wiki/Q39631|https://www.wikidata.org/wiki/Q36180,https://www.wikidata.org/wiki/Q60,https://www.wikidata.org/wiki/Q60,https://www.wikidata.org/wiki/Q8441,https://www.wikidata.org/wiki/Q822641,http://viaf.org/viaf/30818641,3043,CZ_books,,,,,,,False
"Jacquinot, Claude",Jacquinot,Claude,,,,,,,,http://viaf.org/viaf/32119638,3044,CZ_books,,,,,,,False
"Marx, Paul",Marx,Paul,1920-05-08T00:00:00Z,2010-03-20T00:00:00Z,https://www.wikidata.org/wiki/Q250867|https://www.wikidata.org/wiki/Q2306091,,,https://www.wikidata.org/wiki/Q8441,https://www.wikidata.org/wiki/Q7152259,http://viaf.org/viaf/102328683,3045,CZ_books,,,,,,,False
"Bernardin, Josef",Bernardin,Josef,1928-04-02T00:00:00Z,1996-11-14T00:00:00Z,https://www.wikidata.org/wiki/Q250867,https://www.wikidata.org/wiki/Q38453,https://www.wikidata.org/wiki/Q1297,https://www.wikidata.org/wiki/Q8441,https://www.wikidata.org/wiki/Q744108,http://viaf.org/viaf/64180158,3046,CZ_books,,,,,,,False
"Frei, Václav",Frei,Václav,1930-02-27T00:00:00Z,2011-10-21T00:00:00Z,https://www.wikidata.org/wiki/Q169470|https://www.wikidata.org/wiki/Q6051619|https://www.wikidata.org/wiki/Q333634,https://www.wikidata.org/wiki/Q1085,,https://www.wikidata.org/wiki/Q8441,https://www.wikidata.org/wiki/Q95453768,http://viaf.org/viaf/19301098,3047,CZ_books,,,,,,,False
"Kadlec, Václav",Kadlec,Václav,1951-03-23T00:00:00Z,,https://www.wikidata.org/wiki/Q5482740|https://www.wikidata.org/wiki/Q2085381|https://www.wikidata.org/wiki/Q876864|https://www.wikidata.org/wiki/Q170790,https://www.wikidata.org/wiki/Q470369,,https://www.wikidata.org/wiki/Q8441,https://www.wikidata.org/wiki/Q95368023,http://viaf.org/viaf/74008453,3048,CZ_books,,,,,,,False
"Baran, Bogdan",Baran,Bogdan,1952-08-10T00:00:00Z,,https://www.wikidata.org/wiki/Q201788|https://www.wikidata.org/wiki/Q333634,https://www.wikidata.org/wiki/Q31487,,https://www.wikidata.org/wiki/Q8441,https://www.wikidata.org/wiki/Q11688401,http://viaf.org/viaf/57813220,3049,CZ_books,,,,,,,False
Kołaciński Władysław,Kołaciński,Władysław,1911-03-10T00:00:00Z,1995-11-08T00:00:00Z,,https://www.wikidata.org/wiki/Q7191604,,https://www.wikidata.org/wiki/Q8441,https://www.wikidata.org/wiki/Q9381986,http://viaf.org/viaf/72065649,305,PL_BN_books,Żbik-Kaniewski,,,,,,False
"Blondel, Maurice",Blondel,Maurice,1861-11-02T00:00:00Z,1949-06-04T00:00:00Z,https://www.wikidata.org/wiki/Q2251335|https://www.wikidata.org/wiki/Q4964182|https://www.wikidata.org/wiki/Q36180|https://www.wikidata.org/wiki/Q357813|https://www.wikidata.org/wiki/Q1622272|https://www.wikidata.org/wiki/Q462390,https://www.wikidata.org/wiki/Q7003,https://www.wikidata.org/wiki/Q47465,https://www.wikidata.org/wiki/Q8441,https://www.wikidata.org/wiki/Q364310,http://viaf.org/viaf/9883159,3051,CZ_books,,,,,,,False
"Dokulil, Jan",Dokulil,Jan,1910-07-13T00:00:00Z,1974-02-01T00:00:00Z,https://www.wikidata.org/wiki/Q250867|https://www.wikidata.org/wiki/Q49757|https://www.wikidata.org/wiki/Q36180|https://www.wikidata.org/wiki/Q333634,https://www.wikidata.org/wiki/Q166045,https://www.wikidata.org/wiki/Q2304969,https://www.wikidata.org/wiki/Q8441,https://www.wikidata.org/wiki/Q12022473,http://viaf.org/viaf/54036946,3052,CZ_books,,,,,,,False
"Emmanuel, Pierre",Emmanuel,Pierre,1916-05-03T00:00:00Z,1984-09-22T00:00:00Z,https://www.wikidata.org/wiki/Q1930187|https://www.wikidata.org/wiki/Q49757|https://www.wikidata.org/wiki/Q36180|https://www.wikidata.org/wiki/Q1397808,https://www.wikidata.org/wiki/Q859063,https://www.wikidata.org/wiki/Q90,https://www.wikidata.org/wiki/Q8441,https://www.wikidata.org/wiki/Q164469,http://viaf.org/viaf/36913028,3053,CZ_books,,,,,,,False
"Scheffczyk, Leo",Scheffczyk,Leo,1920-02-21T00:00:00Z,2005-12-08T00:00:00Z,https://www.wikidata.org/wiki/Q250867|https://www.wikidata.org/wiki/Q1234713|https://www.wikidata.org/wiki/Q1622272|https://www.wikidata.org/wiki/Q23035816,https://www.wikidata.org/wiki/Q102350,https://www.wikidata.org/wiki/Q1726,https://www.wikidata.org/wiki/Q8441,https://www.wikidata.org/wiki/Q63027,http://viaf.org/viaf/59097111,3054,CZ_books,,,,,,,False
"Bonhoeffer, Dietrich",Bonhoeffer,Dietrich,1906-02-04T00:00:00Z,1945-04-09T00:00:00Z❦1945-04-08T00:00:00Z,https://www.wikidata.org/wiki/Q1234713|https://www.wikidata.org/wiki/Q4964182|https://www.wikidata.org/wiki/Q49757|https://www.wikidata.org/wiki/Q1397808,https://www.wikidata.org/wiki/Q1799,https://www.wikidata.org/wiki/Q274354,https://www.wikidata.org/wiki/Q8441,https://www.wikidata.org/wiki/Q76326,http://viaf.org/viaf/68925878,3055,CZ_books,,,,,,,False
"Prager, Mirjam OSB",Prager,Mirjam OSB,1906-12-30T00:00:00Z,1987-11-24T00:00:00Z,https://www.wikidata.org/wiki/Q548320,,,https://www.wikidata.org/wiki/Q467,https://www.wikidata.org/wiki/Q107225640,http://viaf.org/viaf/37376795,3056,CZ_books,,,,,,,False
"Stein, Edith",Stein,Edith,1891-10-12T00:00:00Z,1942-08-09T00:00:00Z,https://www.wikidata.org/wiki/Q548320|https://www.wikidata.org/wiki/Q595094|https://www.wikidata.org/wiki/Q4964182|https://www.wikidata.org/wiki/Q36180|https://www.wikidata.org/wiki/Q14467526|https://www.wikidata.org/wiki/Q1622272|https://www.wikidata.org/wiki/Q1397808|https://www.wikidata.org/wiki/Q333634|https://www.wikidata.org/wiki/Q1234713,https://www.wikidata.org/wiki/Q1799,https://www.wikidata.org/wiki/Q663764,https://www.wikidata.org/wiki/Q467,https://www.wikidata.org/wiki/Q76749,http://viaf.org/viaf/44294144,3057,CZ_books,,,,,,,False
"Śliwiński, Krzysztof",Śliwiński,Krzysztof,1940-01-15T00:00:00Z,2021-01-07T00:00:00Z,https://www.wikidata.org/wiki/Q1930187|https://www.wikidata.org/wiki/Q193391,https://www.wikidata.org/wiki/Q270,,https://www.wikidata.org/wiki/Q8441,https://www.wikidata.org/wiki/Q11749859,http://viaf.org/viaf/162010243,3058,CZ_books,,,,,,,False
"Newman, John Henry",Newman,John Henry,1801-02-21T00:00:00Z,1890-08-11T00:00:00Z,https://www.wikidata.org/wiki/Q3409375|https://www.wikidata.org/wiki/Q13424456|https://www.wikidata.org/wiki/Q4964182|https://www.wikidata.org/wiki/Q49757|https://www.wikidata.org/wiki/Q250867|https://www.wikidata.org/wiki/Q1622272|https://www.wikidata.org/wiki/Q1234713|https://www.wikidata.org/wiki/Q6625963,https://www.wikidata.org/wiki/Q84,https://www.wikidata.org/wiki/Q3047556,https://www.wikidata.org/wiki/Q8441,https://www.wikidata.org/wiki/Q44490,http://viaf.org/viaf/17227308,3059,CZ_books,,,,,,,False
Kołakowska Tamara,Kołakowska,Tamara,,,,,,,,http://viaf.org/viaf/101835065,306,PL_BN_books,,,,,,,False
"Speyr, Adrienne von",Speyr,Adrienne von,1902-09-20T00:00:00Z,1967-09-18T00:00:00Z❦1967-09-17T00:00:00Z,https://www.wikidata.org/wiki/Q1234713|https://www.wikidata.org/wiki/Q39631|https://www.wikidata.org/wiki/Q36180|https://www.wikidata.org/wiki/Q333634,https://www.wikidata.org/wiki/Q68124,https://www.wikidata.org/wiki/Q78,https://www.wikidata.org/wiki/Q467,https://www.wikidata.org/wiki/Q116025,http://viaf.org/viaf/27071860,3060,CZ_books,,,,,,,False
"Loska, Tadeusz SJ",Loska,Tadeusz SJ,,,,,,,,http://viaf.org/viaf/101734457,3061,CZ_books,,,,,,,False
"Rahner, Karl",Rahner,Karl,1904-03-05T00:00:00Z,1984-03-30T00:00:00Z,https://www.wikidata.org/wiki/Q250867|https://www.wikidata.org/wiki/Q1622272|https://www.wikidata.org/wiki/Q1234713|https://www.wikidata.org/wiki/Q36180,https://www.wikidata.org/wiki/Q2833,https://www.wikidata.org/wiki/Q1735,https://www.wikidata.org/wiki/Q8441,https://www.wikidata.org/wiki/Q57317,http://viaf.org/viaf/95297822,3062,CZ_books;CZ_articles,,,,,,,False
"Kamykowski, Lukasz",Kamykowski,Lukasz,1951-03-27T00:00:00Z,,https://www.wikidata.org/wiki/Q250867,https://www.wikidata.org/wiki/Q31487,,https://www.wikidata.org/wiki/Q8441,https://www.wikidata.org/wiki/Q9394633,http://viaf.org/viaf/101814505,3063,CZ_books,,,,,,,False
"Bedřich, kníže ze Schwarzenbergu",Bedřich,kníže ze Schwarzenbergu,1859-07-01T00:00:00Z,1913-10-04T00:00:00Z,https://www.wikidata.org/wiki/Q82955|https://www.wikidata.org/wiki/Q212238|https://www.wikidata.org/wiki/Q1937330,https://www.wikidata.org/wiki/Q1925206,https://www.wikidata.org/wiki/Q1641768,https://www.wikidata.org/wiki/Q8441,https://www.wikidata.org/wiki/Q12028276,http://viaf.org/viaf/84506147,3064,CZ_books,,,,,,,False
"Mounier, Emmanuel",Mounier,Emmanuel,1905-04-01T00:00:00Z,1950-03-22T00:00:00Z,https://www.wikidata.org/wiki/Q1930187|https://www.wikidata.org/wiki/Q2251335|https://www.wikidata.org/wiki/Q4964182|https://www.wikidata.org/wiki/Q3499072|https://www.wikidata.org/wiki/Q36180,https://www.wikidata.org/wiki/Q1289,https://www.wikidata.org/wiki/Q200945,https://www.wikidata.org/wiki/Q8441,https://www.wikidata.org/wiki/Q351359,http://viaf.org/viaf/27128518,3065,CZ_books,,,,,,,False
"Renč, Václav",Renč,Václav,1911-01-01T00:00:00Z❦1911-11-28T00:00:00Z,1973-04-30T00:00:00Z❦1973-01-01T00:00:00Z,https://www.wikidata.org/wiki/Q4853732|https://www.wikidata.org/wiki/Q487596|https://www.wikidata.org/wiki/Q4263842|https://www.wikidata.org/wiki/Q17337766|https://www.wikidata.org/wiki/Q13424456|https://www.wikidata.org/wiki/Q49757|https://www.wikidata.org/wiki/Q36180|https://www.wikidata.org/wiki/Q14467526|https://www.wikidata.org/wiki/Q28389|https://www.wikidata.org/wiki/Q333634,https://www.wikidata.org/wiki/Q167908,https://www.wikidata.org/wiki/Q14960,https://www.wikidata.org/wiki/Q8441,https://www.wikidata.org/wiki/Q3561876,http://viaf.org/viaf/105853342,3066,CZ_books,,,,,,,False
"Halas, František",Halas,František,1901-10-03T00:00:00Z,1949-10-27T00:00:00Z,https://www.wikidata.org/wiki/Q876864|https://www.wikidata.org/wiki/Q49757|https://www.wikidata.org/wiki/Q36180|https://www.wikidata.org/wiki/Q14467526|https://www.wikidata.org/wiki/Q333634,https://www.wikidata.org/wiki/Q14960,https://www.wikidata.org/wiki/Q1085,https://www.wikidata.org/wiki/Q8441,https://www.wikidata.org/wiki/Q709680,http://viaf.org/viaf/27099101,3067,CZ_books,,,,,,,False
"Kainar, Josef",Kainar,Josef,1917-06-29T00:00:00Z❦1917-07-29T00:00:00Z,1971-11-16T00:00:00Z,https://www.wikidata.org/wiki/Q1294626|https://www.wikidata.org/wiki/Q487596|https://www.wikidata.org/wiki/Q1930187|https://www.wikidata.org/wiki/Q49757|https://www.wikidata.org/wiki/Q36180|https://www.wikidata.org/wiki/Q3391743|https://www.wikidata.org/wiki/Q822146|https://www.wikidata.org/wiki/Q333634|https://www.wikidata.org/wiki/Q644687|https://www.wikidata.org/wiki/Q6051619,https://www.wikidata.org/wiki/Q470380,https://www.wikidata.org/wiki/Q16515,https://www.wikidata.org/wiki/Q8441,https://www.wikidata.org/wiki/Q326546,http://viaf.org/viaf/20482864,3068,CZ_books,,,,,,,False
"Thákur, Rabíndranáth",Thákur,Rabíndranáth,1861-05-07T00:00:00Z,1941-08-07T00:00:00Z,https://www.wikidata.org/wiki/Q487596|https://www.wikidata.org/wiki/Q1028181|https://www.wikidata.org/wiki/Q4964182|https://www.wikidata.org/wiki/Q49757|https://www.wikidata.org/wiki/Q2526255|https://www.wikidata.org/wiki/Q36180|https://www.wikidata.org/wiki/Q177220|https://www.wikidata.org/wiki/Q753110|https://www.wikidata.org/wiki/Q822146|https://www.wikidata.org/wiki/Q483501|https://www.wikidata.org/wiki/Q11774202|https://www.wikidata.org/wiki/Q36834,https://www.wikidata.org/wiki/Q1348,https://www.wikidata.org/wiki/Q1348,https://www.wikidata.org/wiki/Q8441,https://www.wikidata.org/wiki/Q7241,http://viaf.org/viaf/24608356,3069,CZ_books,ভানুসিংহ,,,,,,False
Kołakowski Leszek,Kołakowski,Leszek,1927-10-23T00:00:00Z,2009-07-17T00:00:00Z,https://www.wikidata.org/wiki/Q201788|https://www.wikidata.org/wiki/Q11491523|https://www.wikidata.org/wiki/Q1231865|https://www.wikidata.org/wiki/Q4964182|https://www.wikidata.org/wiki/Q36180|https://www.wikidata.org/wiki/Q1622272,https://www.wikidata.org/wiki/Q104740,https://www.wikidata.org/wiki/Q34217,https://www.wikidata.org/wiki/Q8441,https://www.wikidata.org/wiki/Q157318,http://viaf.org/viaf/97386978,307,CZ_books;CZ_articles;PL_BN_books,,,,,,,False
"Bochořák, Klement",Bochořák,Klement,1910-01-18T00:00:00Z,1981-08-10T00:00:00Z,https://www.wikidata.org/wiki/Q49757|https://www.wikidata.org/wiki/Q36180|https://www.wikidata.org/wiki/Q182436,https://www.wikidata.org/wiki/Q1381784,https://www.wikidata.org/wiki/Q14960,https://www.wikidata.org/wiki/Q8441,https://www.wikidata.org/wiki/Q23152808,http://viaf.org/viaf/69914306,3070,CZ_books,,,,,,,False
"Miłosz, Oskar Wladisław de Lubicz",Miłosz,Oskar Wladisław de Lubicz,1877-05-28T00:00:00Z,1939-03-02T00:00:00Z,https://www.wikidata.org/wiki/Q487596|https://www.wikidata.org/wiki/Q49757|https://www.wikidata.org/wiki/Q36180|https://www.wikidata.org/wiki/Q193391|https://www.wikidata.org/wiki/Q333634|https://www.wikidata.org/wiki/Q11774202,https://www.wikidata.org/wiki/Q3917706,https://www.wikidata.org/wiki/Q182872,https://www.wikidata.org/wiki/Q8441,https://www.wikidata.org/wiki/Q544902,http://viaf.org/viaf/79690447,3071,CZ_books,,,,,,,False
"Slavík, Bohumír",Slavík,Bohumír,1952-01-05T00:00:00Z,,https://www.wikidata.org/wiki/Q187865|https://www.wikidata.org/wiki/Q49757|https://www.wikidata.org/wiki/Q187865,https://www.wikidata.org/wiki/Q1085,,https://www.wikidata.org/wiki/Q8441,https://www.wikidata.org/wiki/Q95176762,http://viaf.org/viaf/12188054,3072,CZ_books,,,,,,,False
"Ginsberg, Allen",Ginsberg,Allen,1926-06-03T00:00:00Z,1997-04-05T00:00:00Z,https://www.wikidata.org/wiki/Q1294626|https://www.wikidata.org/wiki/Q487596|https://www.wikidata.org/wiki/Q18814623|https://www.wikidata.org/wiki/Q2251335|https://www.wikidata.org/wiki/Q49757|https://www.wikidata.org/wiki/Q36180|https://www.wikidata.org/wiki/Q18939491|https://www.wikidata.org/wiki/Q28389|https://www.wikidata.org/wiki/Q33231,https://www.wikidata.org/wiki/Q25395,https://www.wikidata.org/wiki/Q1043326,https://www.wikidata.org/wiki/Q8441,https://www.wikidata.org/wiki/Q6711,http://viaf.org/viaf/108417923,3073,CZ_books,,,,,,,False
"Ferlinghetti, Lawrence",Ferlinghetti,Lawrence,1919-03-24T00:00:00Z,2021-02-22T00:00:00Z,https://www.wikidata.org/wiki/Q487596|https://www.wikidata.org/wiki/Q1930187|https://www.wikidata.org/wiki/Q16323111|https://www.wikidata.org/wiki/Q1028181|https://www.wikidata.org/wiki/Q2085381|https://www.wikidata.org/wiki/Q49757|https://www.wikidata.org/wiki/Q36180|https://www.wikidata.org/wiki/Q2823717|https://www.wikidata.org/wiki/Q4002659|https://www.wikidata.org/wiki/Q333634,https://www.wikidata.org/wiki/Q128114,https://www.wikidata.org/wiki/Q62,https://www.wikidata.org/wiki/Q8441,https://www.wikidata.org/wiki/Q314269,http://viaf.org/viaf/110070499,3074,CZ_books,,,,,,,False
"Svoboda, Miroslav",Svoboda,Miroslav,1962-09-06T00:00:00Z,,https://www.wikidata.org/wiki/Q7019111|https://www.wikidata.org/wiki/Q1234713|https://www.wikidata.org/wiki/Q2085381,https://www.wikidata.org/wiki/Q927541,,https://www.wikidata.org/wiki/Q8441,https://www.wikidata.org/wiki/Q95450568,http://viaf.org/viaf/231376744,3075,CZ_books,,,,,,,False
"Nohavica, Jaromír",Nohavica,Jaromír,1953-06-07T00:00:00Z,,https://www.wikidata.org/wiki/Q55960555|https://www.wikidata.org/wiki/Q49757|https://www.wikidata.org/wiki/Q855091|https://www.wikidata.org/wiki/Q177220|https://www.wikidata.org/wiki/Q753110|https://www.wikidata.org/wiki/Q55960555|https://www.wikidata.org/wiki/Q36834,https://www.wikidata.org/wiki/Q8385,,https://www.wikidata.org/wiki/Q8441,https://www.wikidata.org/wiki/Q942232,http://viaf.org/viaf/83999293,3076,PL_BezCenzury_articles;CZ_books,,,,,,,False
"Maurin, Krzysztof",Maurin,Krzysztof,1923-07-14T00:00:00Z,2017-01-14T00:00:00Z,https://www.wikidata.org/wiki/Q170790,https://www.wikidata.org/wiki/Q270,https://www.wikidata.org/wiki/Q270,https://www.wikidata.org/wiki/Q8441,https://www.wikidata.org/wiki/Q102119264,http://viaf.org/viaf/39505837,3078,CZ_books,,,,,,,False
"Maslow, Abraham Harold",Maslow,Abraham Harold,1908-04-01T00:00:00Z,1970-06-08T00:00:00Z,https://www.wikidata.org/wiki/Q1622272|https://www.wikidata.org/wiki/Q212980|https://www.wikidata.org/wiki/Q2306091,https://www.wikidata.org/wiki/Q18419,https://www.wikidata.org/wiki/Q74195,https://www.wikidata.org/wiki/Q8441,https://www.wikidata.org/wiki/Q23357,http://viaf.org/viaf/73899556,3079,CZ_books,,,,,,,False
Urban George R.,Urban,George R.,1921-04-12T00:00:00Z,1997-10-03T00:00:00Z,https://www.wikidata.org/wiki/Q36180|https://www.wikidata.org/wiki/Q2722764,https://www.wikidata.org/wiki/Q102397,,https://www.wikidata.org/wiki/Q8441,https://www.wikidata.org/wiki/Q5545405,http://viaf.org/viaf/108513427,308,PL_BN_books,,,,,Urban George,,False
"Plotzer, Josef",Plotzer,Josef,,,,,,,,http://viaf.org/viaf/6157825042554060004,3080,CZ_books,,,,,,,False
"Newman, John Henry",Newman,John Henry,1928-08-30T00:00:00Z,2010-06-08T00:00:00Z,https://www.wikidata.org/wiki/Q19829999,,,https://www.wikidata.org/wiki/Q8441,https://www.wikidata.org/wiki/Q9342806,http://viaf.org/viaf/101742879,3081,CZ_books,,,,,,,False
"Newman, John Henry",Newman,John Henry,1913-07-09T00:00:00Z,1982-08-07T00:00:00Z,https://www.wikidata.org/wiki/Q1622272|https://www.wikidata.org/wiki/Q4964182|https://www.wikidata.org/wiki/Q1231865,https://www.wikidata.org/wiki/Q6602,https://www.wikidata.org/wiki/Q515356,https://www.wikidata.org/wiki/Q8441,https://www.wikidata.org/wiki/Q1505636,http://viaf.org/viaf/85177417,3082,CZ_books,,,,,,,False
"Newman, John Henry",Newman,John Henry,1934-12-10T00:00:00Z,1890,https://www.wikidata.org/wiki/Q201788,https://www.wikidata.org/wiki/Q2565965,,https://www.wikidata.org/wiki/Q8441,https://www.wikidata.org/wiki/Q20830461,http://viaf.org/viaf/55944524,3083,CZ_books,,,,,,,False
"Newman, John Henry",Newman,John Henry,1904-07-16T00:00:00Z,1996-05-06T00:00:00Z,https://www.wikidata.org/wiki/Q250867|https://www.wikidata.org/wiki/Q1234713|https://www.wikidata.org/wiki/Q36180,https://www.wikidata.org/wiki/Q208713,https://www.wikidata.org/wiki/Q240,https://www.wikidata.org/wiki/Q8441,https://www.wikidata.org/wiki/Q544424,http://viaf.org/viaf/71398110,3084,CZ_books,,,,,,,False
"Newman, John Henry",Newman,John Henry,1954-03-09T00:00:00Z,1890,https://www.wikidata.org/wiki/Q14467526,,,https://www.wikidata.org/wiki/Q467,https://www.wikidata.org/wiki/Q17305815,http://viaf.org/viaf/22231981,3085,CZ_books,,,,,,,False
"Newman, John Henry",Newman,John Henry,1182-07-01T00:00:00Z,1226-10-10T00:00:00Z,https://www.wikidata.org/wiki/Q90879952|https://www.wikidata.org/wiki/Q49757|https://www.wikidata.org/wiki/Q25393460,https://www.wikidata.org/wiki/Q20103,https://www.wikidata.org/wiki/Q20103,https://www.wikidata.org/wiki/Q8441,https://www.wikidata.org/wiki/Q676555,http://viaf.org/viaf/87832561,3086,CZ_books,,,,,,,False
"Newman, John Henry",Newman,John Henry,1904-10-20T00:00:00Z,1987-09-28T00:00:00Z,https://www.wikidata.org/wiki/Q250867,https://www.wikidata.org/wiki/Q1741,https://www.wikidata.org/wiki/Q72,https://www.wikidata.org/wiki/Q8441,https://www.wikidata.org/wiki/Q1899089,http://viaf.org/viaf/37707994,3087,CZ_books,,,,,,,False
"Newman, John Henry",Newman,John Henry,0354-11-14T00:00:00Z,0430-08-29T00:00:00Z,https://www.wikidata.org/wiki/Q18814623|https://www.wikidata.org/wiki/Q201788|https://www.wikidata.org/wiki/Q4964182|https://www.wikidata.org/wiki/Q49757|https://www.wikidata.org/wiki/Q36180|https://www.wikidata.org/wiki/Q432386|https://www.wikidata.org/wiki/Q1234713|https://www.wikidata.org/wiki/Q16031530|https://www.wikidata.org/wiki/Q23035816,https://www.wikidata.org/wiki/Q1324444,https://www.wikidata.org/wiki/Q858024,https://www.wikidata.org/wiki/Q8441,https://www.wikidata.org/wiki/Q8018,http://viaf.org/viaf/66806872,3089,CZ_books,,,,,,,False
"Bądkowski, Lech",Bądkowski,Lech,1920-01-01T00:00:00Z❦1920-01-24T00:00:00Z,1984-01-01T00:00:00Z❦1984-02-24T00:00:00Z,https://www.wikidata.org/wiki/Q7886765|https://www.wikidata.org/wiki/Q36180|https://www.wikidata.org/wiki/Q1930187|https://www.wikidata.org/wiki/Q6051619,https://www.wikidata.org/wiki/Q47554,https://www.wikidata.org/wiki/Q1792,https://www.wikidata.org/wiki/Q8441,https://www.wikidata.org/wiki/Q5177673,http://viaf.org/viaf/40742454,309,CZ_articles;PL_BN_books,,,,,,,False
"Newman, John Henry",Newman,John Henry,0350-00-00T00:00:00Z,0350-00-00T00:00:00Z,https://www.wikidata.org/wiki/Q1234713|https://www.wikidata.org/wiki/Q36180,,,https://www.wikidata.org/wiki/Q8441,https://www.wikidata.org/wiki/Q689146,http://viaf.org/viaf/281829495,3091,CZ_books,,,,,,,False
"Newman, John Henry",Newman,John Henry,1813-05-05T00:00:00Z,1855-11-11T00:00:00Z,https://www.wikidata.org/wiki/Q4263842|https://www.wikidata.org/wiki/Q4964182|https://www.wikidata.org/wiki/Q49757|https://www.wikidata.org/wiki/Q36180|https://www.wikidata.org/wiki/Q1234713|https://www.wikidata.org/wiki/Q6625963,https://www.wikidata.org/wiki/Q1748,https://www.wikidata.org/wiki/Q1748,https://www.wikidata.org/wiki/Q8441,https://www.wikidata.org/wiki/Q6512,http://viaf.org/viaf/7392250,3092,CZ_books,P. CH. Kierkegaard|Anti-Climacus|Johannes de Silentio|Constantin Constantius|H.H.|B|Nicolaus Notabene|Hilarius Bookbinder|Victor Eremita|Vigilius Haufniensis|A|Johannes de silentio|Inter et Inter|Johannes Climacus|Judge William|Constantine Constantius|Young Man,,,,,,False
"Newman, John Henry",Newman,John Henry,1907-02-25T00:00:00Z,1979-06-27T00:00:00Z,https://www.wikidata.org/wiki/Q1930187|https://www.wikidata.org/wiki/Q201788,https://www.wikidata.org/wiki/Q216,https://www.wikidata.org/wiki/Q31487,https://www.wikidata.org/wiki/Q8441,https://www.wikidata.org/wiki/Q4142302,http://viaf.org/viaf/35307363,3093,CZ_books,,,,,,,False
"Newman, John Henry",Newman,John Henry,1907-02-10T00:00:00Z,2004-01-01T00:00:00Z,https://www.wikidata.org/wiki/Q3332711,https://www.wikidata.org/wiki/Q5590393,https://www.wikidata.org/wiki/Q985687,https://www.wikidata.org/wiki/Q8441,https://www.wikidata.org/wiki/Q11836334,http://viaf.org/viaf/61565254,3094,CZ_books,,,,,,,False
"Newman, John Henry",Newman,John Henry,1897-03-01T00:00:00Z,1991-10-19T00:00:00Z,https://www.wikidata.org/wiki/Q250867|https://www.wikidata.org/wiki/Q36180,https://www.wikidata.org/wiki/Q7107421,https://www.wikidata.org/wiki/Q270,https://www.wikidata.org/wiki/Q8441,https://www.wikidata.org/wiki/Q11719538,http://viaf.org/viaf/56654473,3095,CZ_books;CZ_articles,,,,,,,False
"Volanská, Hela",Volanská,Hela,1912-12-05T00:00:00Z,1996-12-23T00:00:00Z,https://www.wikidata.org/wiki/Q39631|https://www.wikidata.org/wiki/Q27349|https://www.wikidata.org/wiki/Q36180,https://www.wikidata.org/wiki/Q580,https://www.wikidata.org/wiki/Q1085,https://www.wikidata.org/wiki/Q467,https://www.wikidata.org/wiki/Q95556640,http://viaf.org/viaf/18021620,3096,CZ_books,,,,,,,False
"Newman, John Henry",Newman,John Henry,1846-07-11T00:00:00Z,1917-11-03T00:00:00Z,https://www.wikidata.org/wiki/Q18939491|https://www.wikidata.org/wiki/Q49757|https://www.wikidata.org/wiki/Q36180|https://www.wikidata.org/wiki/Q11774202,https://www.wikidata.org/wiki/Q6588,https://www.wikidata.org/wiki/Q249852,https://www.wikidata.org/wiki/Q8441,https://www.wikidata.org/wiki/Q462666,http://viaf.org/viaf/4926903,3097,CZ_books,,,,,,,False
"Newman, John Henry",Newman,John Henry,1858-09-15T00:00:00Z,1916-12-01T00:00:00Z,https://www.wikidata.org/wiki/Q99521081|https://www.wikidata.org/wiki/Q1344452|https://www.wikidata.org/wiki/Q901402|https://www.wikidata.org/wiki/Q1734662|https://www.wikidata.org/wiki/Q14467526|https://www.wikidata.org/wiki/Q250867|https://www.wikidata.org/wiki/Q219477|https://www.wikidata.org/wiki/Q4002659|https://www.wikidata.org/wiki/Q333634|https://www.wikidata.org/wiki/Q13418253,https://www.wikidata.org/wiki/Q6602,https://www.wikidata.org/wiki/Q205792,https://www.wikidata.org/wiki/Q8441,https://www.wikidata.org/wiki/Q51880,http://viaf.org/viaf/71391094,3099,CZ_books,,,,,,,False
Gebert Konstanty,Gebert,Konstanty,1953-01-01T00:00:00Z,,https://www.wikidata.org/wiki/Q7886765|https://www.wikidata.org/wiki/Q1930187|https://www.wikidata.org/wiki/Q212980,https://www.wikidata.org/wiki/Q270,,https://www.wikidata.org/wiki/Q8441,https://www.wikidata.org/wiki/Q1118425,http://viaf.org/viaf/76172106,31,CZ_articles;PL_BN_books,Warszawski Dawid|David Warszawski,,,,,,False
Bąkowski Adam Tadeusz,Bąkowski,Adam Tadeusz,,,,,,,,http://viaf.org/viaf/12366055,310,PL_BN_books,,,,,,,False
"Newman, John Henry",Newman,John Henry,1452-09-30T00:00:00Z,1498-06-01T00:00:00Z,https://www.wikidata.org/wiki/Q548320|https://www.wikidata.org/wiki/Q4964182|https://www.wikidata.org/wiki/Q36180|https://www.wikidata.org/wiki/Q432386|https://www.wikidata.org/wiki/Q82955,https://www.wikidata.org/wiki/Q13362,https://www.wikidata.org/wiki/Q2044,https://www.wikidata.org/wiki/Q8441,https://www.wikidata.org/wiki/Q164823,http://viaf.org/viaf/74117553,3100,CZ_books,,,,,,,False
"Newman, John Henry",Newman,John Henry,1932-02-02T00:00:00Z,1890,https://www.wikidata.org/wiki/Q250867|https://www.wikidata.org/wiki/Q1622272|https://www.wikidata.org/wiki/Q1234713,https://www.wikidata.org/wiki/Q14934,,https://www.wikidata.org/wiki/Q8441,https://www.wikidata.org/wiki/Q95944,http://viaf.org/viaf/49964312,3101,CZ_books,,,,,,,False
"Newman, John Henry",Newman,John Henry,0335-01-01T00:00:00Z❦0400-01-01T00:00:00Z,0395-01-01T00:00:00Z❦t2340843924❦0400-01-01T00:00:00Z,https://www.wikidata.org/wiki/Q2259532|https://www.wikidata.org/wiki/Q1234713|https://www.wikidata.org/wiki/Q36180|https://www.wikidata.org/wiki/Q42603,https://www.wikidata.org/wiki/Q48338,https://www.wikidata.org/wiki/Q206879,https://www.wikidata.org/wiki/Q8441,https://www.wikidata.org/wiki/Q191734,http://viaf.org/viaf/103646160,3102,CZ_books,,,,,,,False
"Newman, John Henry",Newman,John Henry,1447-04-14T00:00:00Z,1510-09-25T00:00:00Z,https://www.wikidata.org/wiki/Q186360|https://www.wikidata.org/wiki/Q548320,https://www.wikidata.org/wiki/Q1449,https://www.wikidata.org/wiki/Q1449,https://www.wikidata.org/wiki/Q467,https://www.wikidata.org/wiki/Q240413,http://viaf.org/viaf/34570661,3103,CZ_books,,,,,,,False
"Newman, John Henry",Newman,John Henry,1683-11-30T00:00:00Z,1752-07-16T00:00:00Z,https://www.wikidata.org/wiki/Q250867|https://www.wikidata.org/wiki/Q6673651|https://www.wikidata.org/wiki/Q36180|https://www.wikidata.org/wiki/Q152002,https://www.wikidata.org/wiki/Q158245,https://www.wikidata.org/wiki/Q158245,https://www.wikidata.org/wiki/Q8441,https://www.wikidata.org/wiki/Q95366129,http://viaf.org/viaf/18374744,3105,CZ_books,,,,,,,False
"Newman, John Henry",Newman,John Henry,1905-05-14T00:00:00Z,1974-05-20T00:00:00Z,https://www.wikidata.org/wiki/Q201788|https://www.wikidata.org/wiki/Q2251335|https://www.wikidata.org/wiki/Q36180|https://www.wikidata.org/wiki/Q250867|https://www.wikidata.org/wiki/Q152002|https://www.wikidata.org/wiki/Q1622272|https://www.wikidata.org/wiki/Q1234713,https://www.wikidata.org/wiki/Q48958,https://www.wikidata.org/wiki/Q90,https://www.wikidata.org/wiki/Q8441,https://www.wikidata.org/wiki/Q355495,http://viaf.org/viaf/4928609,3106,CZ_books,,,,,,,False
"Newman, John Henry",Newman,John Henry,0200-01-01T00:00:00Z,0260-01-01T00:00:00Z,https://www.wikidata.org/wiki/Q380075|https://www.wikidata.org/wiki/Q36180,https://www.wikidata.org/wiki/Q1093156,,https://www.wikidata.org/wiki/Q8441,https://www.wikidata.org/wiki/Q319423,http://viaf.org/viaf/61540251,3107,CZ_books,,,,,,,False
"Newman, John Henry",Newman,John Henry,1486-11-01T00:00:00Z,1555-09-18T00:00:00Z,https://www.wikidata.org/wiki/Q250867|https://www.wikidata.org/wiki/Q95993813|https://www.wikidata.org/wiki/Q4964182,https://www.wikidata.org/wiki/Q1642185,https://www.wikidata.org/wiki/Q8818,https://www.wikidata.org/wiki/Q8441,https://www.wikidata.org/wiki/Q2166628,http://viaf.org/viaf/100217282,3108,CZ_books,,,,,,,False
"Newman, John Henry",Newman,John Henry,1863-12-12T00:00:00Z,1944-01-23T00:00:00Z,https://www.wikidata.org/wiki/Q683754|https://www.wikidata.org/wiki/Q1028181|https://www.wikidata.org/wiki/Q627325|https://www.wikidata.org/wiki/Q15296811|https://www.wikidata.org/wiki/Q11569986,https://www.wikidata.org/wiki/Q488951,https://www.wikidata.org/wiki/Q1978692,https://www.wikidata.org/wiki/Q8441,https://www.wikidata.org/wiki/Q41406,http://viaf.org/viaf/61624802,3109,CZ_books,,,,,,,False
"Newman, John Henry",Newman,John Henry,1950-05-13T00:00:00Z,1890,https://www.wikidata.org/wiki/Q488205|https://www.wikidata.org/wiki/Q55960555|https://www.wikidata.org/wiki/Q2643890|https://www.wikidata.org/wiki/Q49757|https://www.wikidata.org/wiki/Q177220|https://www.wikidata.org/wiki/Q1643514|https://www.wikidata.org/wiki/Q386854|https://www.wikidata.org/wiki/Q3922505|https://www.wikidata.org/wiki/Q36834|https://www.wikidata.org/wiki/Q486748,https://www.wikidata.org/wiki/Q719,,https://www.wikidata.org/wiki/Q8441,https://www.wikidata.org/wiki/Q714,http://viaf.org/viaf/109145970289132252107,3110,CZ_books,Stevie Wonder|El toro negro|Eivets Rednow|Little Stevie Wonder,,,,,,False
"Newman, John Henry",Newman,John Henry,0451-00-00T00:00:00Z,0521-11-29T00:00:00Z,https://www.wikidata.org/wiki/Q36180,,https://www.wikidata.org/wiki/Q917836,https://www.wikidata.org/wiki/Q8441,https://www.wikidata.org/wiki/Q947711,http://viaf.org/viaf/51661489,3111,CZ_books,,,,,,,False
"Newman, John Henry",Newman,John Henry,1911-07-12T00:00:00Z,1979-01-08T00:00:00Z,https://www.wikidata.org/wiki/Q36180|https://www.wikidata.org/wiki/Q49757|https://www.wikidata.org/wiki/Q482980|https://www.wikidata.org/wiki/Q333634,https://www.wikidata.org/wiki/Q992010,https://www.wikidata.org/wiki/Q270,https://www.wikidata.org/wiki/Q8441,https://www.wikidata.org/wiki/Q890432,http://viaf.org/viaf/73869652,3112,CZ_books,,,,,,,False
"Newman, John Henry",Newman,John Henry,1873-02-09T00:00:00Z,1941-01-14T00:00:00Z❦1941-12-29T00:00:00Z,https://www.wikidata.org/wiki/Q4964182|https://www.wikidata.org/wiki/Q2085381|https://www.wikidata.org/wiki/Q36180|https://www.wikidata.org/wiki/Q333634,https://www.wikidata.org/wiki/Q2241230,https://www.wikidata.org/wiki/Q2241230,https://www.wikidata.org/wiki/Q8441,https://www.wikidata.org/wiki/Q1704587,http://viaf.org/viaf/36966492,3113,CZ_books,,,,,,,False
"Křižan, Jiří",Křižan,Jiří,1941-10-26T00:00:00Z,2010-10-13T00:00:00Z,https://www.wikidata.org/wiki/Q487596|https://www.wikidata.org/wiki/Q1231865|https://www.wikidata.org/wiki/Q2251335|https://www.wikidata.org/wiki/Q876864|https://www.wikidata.org/wiki/Q36180|https://www.wikidata.org/wiki/Q1622272|https://www.wikidata.org/wiki/Q82955|https://www.wikidata.org/wiki/Q28389|https://www.wikidata.org/wiki/Q23656820,https://www.wikidata.org/wiki/Q375651,https://www.wikidata.org/wiki/Q744603,https://www.wikidata.org/wiki/Q8441,https://www.wikidata.org/wiki/Q472858,http://viaf.org/viaf/83795431,3114,CZ_books,,,,,,,False
"Hrabal, Bohumil",Hrabal,Bohumil,1913-03-14T00:00:00Z,1989-05-10T00:00:00Z,https://www.wikidata.org/wiki/Q36180|https://www.wikidata.org/wiki/Q6051619,https://www.wikidata.org/wiki/Q221171,https://www.wikidata.org/wiki/Q1780,https://www.wikidata.org/wiki/Q8441,https://www.wikidata.org/wiki/Q617674,http://viaf.org/viaf/64028175,3115,CZ_books;CZ_articles,,,,,,,False
"Křen, Jan",Křen,Jan,1930-08-22T00:00:00Z,2020-04-07T00:00:00Z,https://www.wikidata.org/wiki/Q201788|https://www.wikidata.org/wiki/Q1231865,https://www.wikidata.org/wiki/Q1085,https://www.wikidata.org/wiki/Q1085,https://www.wikidata.org/wiki/Q8441,https://www.wikidata.org/wiki/Q12022755,http://viaf.org/viaf/263336781,3116,CZ_books,,,,,,,False
"Trinkewitz, Karel",Trinkewitz,Karel,1931-08-23T00:00:00Z,2014-03-14T00:00:00Z,https://www.wikidata.org/wiki/Q22343478|https://www.wikidata.org/wiki/Q49757|https://www.wikidata.org/wiki/Q36180|https://www.wikidata.org/wiki/Q15296811|https://www.wikidata.org/wiki/Q12144794|https://www.wikidata.org/wiki/Q3391743|https://www.wikidata.org/wiki/Q106376813|https://www.wikidata.org/wiki/Q11774202,https://www.wikidata.org/wiki/Q2318879,https://www.wikidata.org/wiki/Q16083,https://www.wikidata.org/wiki/Q8441,https://www.wikidata.org/wiki/Q1729199,http://viaf.org/viaf/13112719,3117,CZ_books;CZ_articles,,,,,,,False
"Pavlíček, František",Pavlíček,František,1923-11-20T00:00:00Z,2004-09-29T00:00:00Z,https://www.wikidata.org/wiki/Q487596|https://www.wikidata.org/wiki/Q36180|https://www.wikidata.org/wiki/Q28389|https://www.wikidata.org/wiki/Q333634,https://www.wikidata.org/wiki/Q1877128,https://www.wikidata.org/wiki/Q1085,https://www.wikidata.org/wiki/Q8441,https://www.wikidata.org/wiki/Q780880,http://viaf.org/viaf/79514728,3118,PL_BezCenzury_articles;CZ_books,,,,,,,False
"Hoffman, Ivan",Hoffman,Ivan,1952-11-27T00:00:00Z,,https://www.wikidata.org/wiki/Q488205|https://www.wikidata.org/wiki/Q1930187|https://www.wikidata.org/wiki/Q2085381|https://www.wikidata.org/wiki/Q36180|https://www.wikidata.org/wiki/Q33231,https://www.wikidata.org/wiki/Q27001,,https://www.wikidata.org/wiki/Q8441,https://www.wikidata.org/wiki/Q12021930,http://viaf.org/viaf/306140747,3119,CZ_books,,,,,,,False
Bednarczyk Tadeusz,Bednarczyk,Tadeusz,1913-08-28T00:00:00Z,2002-01-01T00:00:00Z,https://www.wikidata.org/wiki/Q201788,https://www.wikidata.org/wiki/Q270,https://www.wikidata.org/wiki/Q270,https://www.wikidata.org/wiki/Q8441,https://www.wikidata.org/wiki/Q9354063,http://viaf.org/viaf/25009606,312,PL_BN_books,,,,,,,False
"Opat, Jaroslav",Opat,Jaroslav,1924-04-11T00:00:00Z,2015-07-04T00:00:00Z❦2015-07-14T00:00:00Z,https://www.wikidata.org/wiki/Q4964182|https://www.wikidata.org/wiki/Q201788,https://www.wikidata.org/wiki/Q1948479,https://www.wikidata.org/wiki/Q321778,https://www.wikidata.org/wiki/Q8441,https://www.wikidata.org/wiki/Q20755701,http://viaf.org/viaf/98097520,3120,CZ_books,,,,,,,False
"Šetlík, Jiří",Šetlík,Jiří,1929-04-02T00:00:00Z,,https://www.wikidata.org/wiki/Q2251335|https://www.wikidata.org/wiki/Q1792450|https://www.wikidata.org/wiki/Q333634|https://www.wikidata.org/wiki/Q780596,https://www.wikidata.org/wiki/Q1085,,https://www.wikidata.org/wiki/Q8441,https://www.wikidata.org/wiki/Q63213638,http://viaf.org/viaf/71544326,3121,CZ_books,,,,,,,False
"Morawski, Stefan",Morawski,Stefan,1921-10-20T00:00:00Z,2004-12-02T00:00:00Z,https://www.wikidata.org/wiki/Q1622272|https://www.wikidata.org/wiki/Q82955|https://www.wikidata.org/wiki/Q17391638|https://www.wikidata.org/wiki/Q4964182,https://www.wikidata.org/wiki/Q31487,,https://www.wikidata.org/wiki/Q8441,https://www.wikidata.org/wiki/Q7224237,http://viaf.org/viaf/17639824,3122,CZ_books,,,,,,,False
"Franěk, Jiří F.",Franěk,Jiří F.,1922-11-24T00:00:00Z,2007-12-30T00:00:00Z,https://www.wikidata.org/wiki/Q60098894|https://www.wikidata.org/wiki/Q17167049|https://www.wikidata.org/wiki/Q15976341|https://www.wikidata.org/wiki/Q25339110|https://www.wikidata.org/wiki/Q333634|https://www.wikidata.org/wiki/Q13418253,https://www.wikidata.org/wiki/Q999916,https://www.wikidata.org/wiki/Q1085,https://www.wikidata.org/wiki/Q8441,https://www.wikidata.org/wiki/Q94930923,http://viaf.org/viaf/43141961,3123,CZ_books,,,,,,,False
"Čivrný, Lumír",Čivrný,Lumír,1915-08-03T00:00:00Z,2001-12-08T00:00:00Z,https://www.wikidata.org/wiki/Q82955|https://www.wikidata.org/wiki/Q49757|https://www.wikidata.org/wiki/Q36180|https://www.wikidata.org/wiki/Q333634,https://www.wikidata.org/wiki/Q158420,https://www.wikidata.org/wiki/Q1085,https://www.wikidata.org/wiki/Q8441,https://www.wikidata.org/wiki/Q12034417,http://viaf.org/viaf/35347438,3125,CZ_books,,,,,,,False
"Lacina, Václav",Lacina,Václav,1906-07-09T00:00:00Z,1993-12-09T00:00:00Z,https://www.wikidata.org/wiki/Q487596|https://www.wikidata.org/wiki/Q49757|https://www.wikidata.org/wiki/Q12144794|https://www.wikidata.org/wiki/Q185351|https://www.wikidata.org/wiki/Q12406482|https://www.wikidata.org/wiki/Q6625963|https://www.wikidata.org/wiki/Q23656820,https://www.wikidata.org/wiki/Q1010144,https://www.wikidata.org/wiki/Q2092257,https://www.wikidata.org/wiki/Q8441,https://www.wikidata.org/wiki/Q23038022,http://viaf.org/viaf/1432835,3126,CZ_books,V. Nebojsa|Manja Frčková|Artur Kosina,,,,,,False
"Kadlečík, Ivan",Kadlečík,Ivan,1938-04-08T00:00:00Z,2014-07-15T00:00:00Z,https://www.wikidata.org/wiki/Q49757|https://www.wikidata.org/wiki/Q36180,https://www.wikidata.org/wiki/Q596044,https://www.wikidata.org/wiki/Q285486,https://www.wikidata.org/wiki/Q8441,https://www.wikidata.org/wiki/Q12767663,http://viaf.org/viaf/29591693,3127,CZ_books,,,,,,,False
"Matějček, Vladimír",Matějček,Vladimír,1947-03-07T00:00:00Z❦1947-01-01T00:00:00Z,1996,https://www.wikidata.org/wiki/Q33999|https://www.wikidata.org/wiki/Q2526255,https://www.wikidata.org/wiki/Q954569,,https://www.wikidata.org/wiki/Q8441,https://www.wikidata.org/wiki/Q55283553,http://viaf.org/viaf/85082919,3128,CZ_books,,,,,,,False
"Freiová, Michaela",Freiová,Michaela,1942-09-19T00:00:00Z❦1942-01-01T00:00:00Z,,https://www.wikidata.org/wiki/Q82955|https://www.wikidata.org/wiki/Q1930187|https://www.wikidata.org/wiki/Q6051619|https://www.wikidata.org/wiki/Q333634,https://www.wikidata.org/wiki/Q1085,,https://www.wikidata.org/wiki/Q467,https://www.wikidata.org/wiki/Q10545365,http://viaf.org/viaf/84054961,3129,CZ_books,,,,,,,False
Begin Menahem,Begin,Menahem,1913-08-16T00:00:00Z,1992-03-09T00:00:00Z,https://www.wikidata.org/wiki/Q82955,https://www.wikidata.org/wiki/Q140147,https://www.wikidata.org/wiki/Q33935,https://www.wikidata.org/wiki/Q8441,https://www.wikidata.org/wiki/Q130873,http://viaf.org/viaf/109383777,313,PL_BN_books,,,,,,,False
"Gnilka, Joachim",Gnilka,Joachim,1928-12-08T00:00:00Z,2018-01-15T00:00:00Z,https://www.wikidata.org/wiki/Q1234713|https://www.wikidata.org/wiki/Q23035816,https://www.wikidata.org/wiki/Q717947,https://www.wikidata.org/wiki/Q1726,https://www.wikidata.org/wiki/Q8441,https://www.wikidata.org/wiki/Q104516,http://viaf.org/viaf/108569827,3130,CZ_books,,,,,,,False
"Fidelius, Bronisław",Fidelius,Bronisław,1939-04-17T00:00:00Z,,https://www.wikidata.org/wiki/Q2259532,https://www.wikidata.org/wiki/Q212856,,https://www.wikidata.org/wiki/Q8441,https://www.wikidata.org/wiki/Q9179700,http://viaf.org/viaf/101186541,3131,CZ_books,,,,,,,False
"Przywara, Erich",Przywara,Erich,1889-10-12T00:00:00Z,1972-09-28T00:00:00Z,https://www.wikidata.org/wiki/Q1234713|https://www.wikidata.org/wiki/Q4964182|https://www.wikidata.org/wiki/Q36180,https://www.wikidata.org/wiki/Q588,https://www.wikidata.org/wiki/Q254356,https://www.wikidata.org/wiki/Q8441,https://www.wikidata.org/wiki/Q706024,http://viaf.org/viaf/27084101,3132,CZ_books,,,,,,,False
"Stachura, Edward",Stachura,Edward,1937-08-18T00:00:00Z,1979-07-24T00:00:00Z,https://www.wikidata.org/wiki/Q488205|https://www.wikidata.org/wiki/Q49757|https://www.wikidata.org/wiki/Q36180|https://www.wikidata.org/wiki/Q333634,https://www.wikidata.org/wiki/Q63077802,https://www.wikidata.org/wiki/Q270,https://www.wikidata.org/wiki/Q8441,https://www.wikidata.org/wiki/Q553657,http://viaf.org/viaf/118620342,3133,CZ_books;CZ_articles,,,,,,,False
"Prokopiuk, Jerzy",Prokopiuk,Jerzy,1931-06-05T00:00:00Z,2021-03-18T00:00:00Z,https://www.wikidata.org/wiki/Q4964182|https://www.wikidata.org/wiki/Q36180|https://www.wikidata.org/wiki/Q14467526|https://www.wikidata.org/wiki/Q333634,https://www.wikidata.org/wiki/Q270,,https://www.wikidata.org/wiki/Q8441,https://www.wikidata.org/wiki/Q713144,http://viaf.org/viaf/101737872,3134,CZ_books,,,,,,,False
"Wilkanowicz, Stefan",Wilkanowicz,Stefan,1924-01-03T00:00:00Z,,https://www.wikidata.org/wiki/Q4964182|https://www.wikidata.org/wiki/Q1930187|https://www.wikidata.org/wiki/Q36180,https://www.wikidata.org/wiki/Q25415989,,https://www.wikidata.org/wiki/Q8441,https://www.wikidata.org/wiki/Q9345428,http://viaf.org/viaf/101745191,3135,CZ_books,,,,,,,False
"Červenka, Miroslav",Červenka,Miroslav,1932-11-05T00:00:00Z,2005-11-19T00:00:00Z❦2005-11-20T00:00:00Z,https://www.wikidata.org/wiki/Q1231865|https://www.wikidata.org/wiki/Q15962340|https://www.wikidata.org/wiki/Q36180|https://www.wikidata.org/wiki/Q49757|https://www.wikidata.org/wiki/Q6430706|https://www.wikidata.org/wiki/Q333634,https://www.wikidata.org/wiki/Q1085,https://www.wikidata.org/wiki/Q1085,https://www.wikidata.org/wiki/Q8441,https://www.wikidata.org/wiki/Q1451054,http://viaf.org/viaf/68988907,3136,CZ_books;CZ_articles,Otakar Č. Mokrý,,,,,,False
"Białoszewski, Miron",Białoszewski,Miron,1922-06-30T00:00:00Z,1983-06-17T00:00:00Z,https://www.wikidata.org/wiki/Q33999|https://www.wikidata.org/wiki/Q487596|https://www.wikidata.org/wiki/Q49757|https://www.wikidata.org/wiki/Q36180,https://www.wikidata.org/wiki/Q270,https://www.wikidata.org/wiki/Q270,https://www.wikidata.org/wiki/Q8441,https://www.wikidata.org/wiki/Q462271,http://viaf.org/viaf/14786907,3137,CZ_books,,,,,,,False
"Rothe, Gottfried",Rothe,Gottfried,1679-10-14T00:00:00Z,1710-05-18T00:00:00Z,https://www.wikidata.org/wiki/Q39631,,https://www.wikidata.org/wiki/Q2079,https://www.wikidata.org/wiki/Q8441,https://www.wikidata.org/wiki/Q94763219,http://viaf.org/viaf/47105303,3139,CZ_books,,,,,,,False
Bełza Władysław,Bełza,Władysław,1847-10-17T00:00:00Z,1913-01-29T00:00:00Z,https://www.wikidata.org/wiki/Q4853732|https://www.wikidata.org/wiki/Q49757,https://www.wikidata.org/wiki/Q270,https://www.wikidata.org/wiki/Q36036,https://www.wikidata.org/wiki/Q8441,https://www.wikidata.org/wiki/Q4081881,http://viaf.org/viaf/30440309,314,PL_BN_books,Piast,,,,,,False
"Hübl, Milan",Hübl,Milan,1927-01-27T00:00:00Z❦1927-01-01T00:00:00Z❦1927-01-24T00:00:00Z,1989-01-01T00:00:00Z❦1989-10-28T00:00:00Z,https://www.wikidata.org/wiki/Q2251335|https://www.wikidata.org/wiki/Q82955|https://www.wikidata.org/wiki/Q201788|https://www.wikidata.org/wiki/Q1231865,https://www.wikidata.org/wiki/Q26397,https://www.wikidata.org/wiki/Q1085,https://www.wikidata.org/wiki/Q8441,https://www.wikidata.org/wiki/Q12037215,http://viaf.org/viaf/9916526,3140,CZ_books,Dalimil,,,,,,False
"Zahradníček, Jan",Zahradníček,Jan,1905-01-17T00:00:00Z,1960-10-07T00:00:00Z,https://www.wikidata.org/wiki/Q1930187|https://www.wikidata.org/wiki/Q4263842|https://www.wikidata.org/wiki/Q49757|https://www.wikidata.org/wiki/Q36180|https://www.wikidata.org/wiki/Q333634,https://www.wikidata.org/wiki/Q166045,https://www.wikidata.org/wiki/Q2064019,https://www.wikidata.org/wiki/Q8441,https://www.wikidata.org/wiki/Q1682383,http://viaf.org/viaf/76367623,3141,CZ_books,,,,,,,False
"Hrabě, Václav",Hrabě,Václav,1940-06-13T00:00:00Z,1965-03-05T00:00:00Z,https://www.wikidata.org/wiki/Q2251335|https://www.wikidata.org/wiki/Q49757|https://www.wikidata.org/wiki/Q36180,https://www.wikidata.org/wiki/Q1867461,https://www.wikidata.org/wiki/Q1085,https://www.wikidata.org/wiki/Q8441,https://www.wikidata.org/wiki/Q326554,http://viaf.org/viaf/64263031,3142,CZ_books,,,,,,,False
A. C. Bhaktivedanta Swami Prabhupāda,A. C. Bhaktivedanta Swami Prabhupāda,,1896-09-01T00:00:00Z,1977-11-14T00:00:00Z,https://www.wikidata.org/wiki/Q4964182|https://www.wikidata.org/wiki/Q36180|https://www.wikidata.org/wiki/Q333634,https://www.wikidata.org/wiki/Q1348,https://www.wikidata.org/wiki/Q688281,https://www.wikidata.org/wiki/Q8441,https://www.wikidata.org/wiki/Q234898,http://viaf.org/viaf/31993003,315,PL_BN_books,,,,,,,False
Berberyusz Ewa,Berberyusz,Ewa,1929-08-19T00:00:00Z,2020-09-20T00:00:00Z,https://www.wikidata.org/wiki/Q1930187,https://www.wikidata.org/wiki/Q270,,https://www.wikidata.org/wiki/Q467,https://www.wikidata.org/wiki/Q9256601,http://viaf.org/viaf/56785692,316,PL_BN_books,Mirowska Halina,,,,,,False
Elleinstein Jean,Elleinstein,Jean,1927-08-06T00:00:00Z,2002-01-16T00:00:00Z,https://www.wikidata.org/wiki/Q82955|https://www.wikidata.org/wiki/Q201788,https://www.wikidata.org/wiki/Q171689,https://www.wikidata.org/wiki/Q1170939,https://www.wikidata.org/wiki/Q8441,https://www.wikidata.org/wiki/Q1685507,http://viaf.org/viaf/91387822,317,PL_BN_books,,,,,,,False
Koło Marcin,Koło,Marcin,,,,,,,,http://viaf.org/viaf/303713313,318,PL_BN_books,,,,,,,False
Komar Michał,Komar,Michał,1946-08-28T00:00:00Z,,https://www.wikidata.org/wiki/Q28389,https://www.wikidata.org/wiki/Q270,,https://www.wikidata.org/wiki/Q8441,https://www.wikidata.org/wiki/Q11778897,http://viaf.org/viaf/76335285,319,PL_BN_books,,,,,,,False
Gelberg Andrzej,Gelberg,Andrzej,1945-12-25T00:00:00Z,,https://www.wikidata.org/wiki/Q1930187,,,https://www.wikidata.org/wiki/Q8441,https://www.wikidata.org/wiki/Q9152070,http://viaf.org/viaf/45975772,32,PL_BN_books,Poliński Edward,,,,,,False
Komendant Tadeusz,Komendant,Tadeusz,1952-10-14T00:00:00Z,2019-07-31T00:00:00Z,https://www.wikidata.org/wiki/Q4263842,https://www.wikidata.org/wiki/Q5619188,,https://www.wikidata.org/wiki/Q8441,https://www.wikidata.org/wiki/Q11836749,http://viaf.org/viaf/101752720,320,PL_BezCenzury_articles;PL_BN_books,,,,,,,False
Komorowska Helena,Komorowska,Helena,,,,,,,,http://viaf.org/viaf/36480604,321,PL_BN_books,,,,,,,False
Komorowski Tadeusz Bór,Komorowski,Tadeusz Bór,1895-06-01T00:00:00Z,1966-08-24T00:00:00Z,https://www.wikidata.org/wiki/Q82955|https://www.wikidata.org/wiki/Q4002659|https://www.wikidata.org/wiki/Q26384038,https://www.wikidata.org/wiki/Q285434,https://www.wikidata.org/wiki/Q84,https://www.wikidata.org/wiki/Q8441,https://www.wikidata.org/wiki/Q170356,http://viaf.org/viaf/29790252,322,PL_BN_books,Bór,,,,,,False
Komp Hans- Dieter,Komp,Hans- Dieter,,,,,,,,http://viaf.org/viaf/166190770,323,PL_BN_books,,,,,,,False
Konarski Stefan,Konarski,Stefan,,,,,,,,http://viaf.org/viaf/35958322,324,PL_BN_books,,,,,,,False
Koneczny Feliks,Koneczny,Feliks,1862-11-01T00:00:00Z,1949-02-10T00:00:00Z,https://www.wikidata.org/wiki/Q4964182|https://www.wikidata.org/wiki/Q201788,https://www.wikidata.org/wiki/Q31487,https://www.wikidata.org/wiki/Q31487,https://www.wikidata.org/wiki/Q8441,https://www.wikidata.org/wiki/Q3846426,http://viaf.org/viaf/9887056,325,PL_BN_books,,,,,,,False
Konson Lev,Konson,Lev,,,,,,,,http://viaf.org/viaf/102212724,328,PL_BN_books,,,,,,,False
Konwicki Tadeusz,Konwicki,Tadeusz,1926-06-22T00:00:00Z,2015-01-07T00:00:00Z,https://www.wikidata.org/wiki/Q487596|https://www.wikidata.org/wiki/Q1930187|https://www.wikidata.org/wiki/Q36180|https://www.wikidata.org/wiki/Q2526255|https://www.wikidata.org/wiki/Q28389|https://www.wikidata.org/wiki/Q18844224,https://www.wikidata.org/wiki/Q937667,https://www.wikidata.org/wiki/Q270,https://www.wikidata.org/wiki/Q8441,https://www.wikidata.org/wiki/Q704516,http://viaf.org/viaf/108624844,329,CZ_books;CZ_articles;PL_BN_books,,,,,,,False
Geller Michail Jakovlevi~5c,Geller,Michail Jakovlevi~5c,1922-08-31T00:00:00Z,1997-01-03T00:00:00Z,https://www.wikidata.org/wiki/Q201788|https://www.wikidata.org/wiki/Q13570226,https://www.wikidata.org/wiki/Q154835,https://www.wikidata.org/wiki/Q90,https://www.wikidata.org/wiki/Q8441,https://www.wikidata.org/wiki/Q2032342,http://viaf.org/viaf/89807815,33,PL_BN_books,Adam Kruczek|Kruczek Adam,,,,Heller Michał,,False
Berdjaev Nikolaj Aleksandrovič,Berdjaev,Nikolaj Aleksandrovič,1874-03-18T00:00:00Z,1948-03-24T00:00:00Z❦1948-03-23T00:00:00Z,https://www.wikidata.org/wiki/Q1622272|https://www.wikidata.org/wiki/Q4964182|https://www.wikidata.org/wiki/Q6051619,https://www.wikidata.org/wiki/Q1899,https://www.wikidata.org/wiki/Q194160,https://www.wikidata.org/wiki/Q8441,https://www.wikidata.org/wiki/Q184656,http://viaf.org/viaf/36926249,330,CZ_articles;PL_BN_books,,,,,Bierdiajew Mikołaj,,False
Kopácsi Sándor,Kopácsi,Sándor,1922-03-05T00:00:00Z,2001-03-02T00:00:00Z,https://www.wikidata.org/wiki/Q82955|https://www.wikidata.org/wiki/Q384593,https://www.wikidata.org/wiki/Q102397,https://www.wikidata.org/wiki/Q172,https://www.wikidata.org/wiki/Q8441,https://www.wikidata.org/wiki/Q833252,http://viaf.org/viaf/93826009,331,PL_BN_books,,,,,,,False
Kopernik Małgorzata,Kopernik,Małgorzata,,,,,,,,http://viaf.org/viaf/162696211,332,PL_BN_books,,,,,,,False
Krzystek Waldemar,Krzystek,Waldemar,1953-11-23T00:00:00Z,,https://www.wikidata.org/wiki/Q2526255|https://www.wikidata.org/wiki/Q28389,https://www.wikidata.org/wiki/Q838493,,https://www.wikidata.org/wiki/Q8441,https://www.wikidata.org/wiki/Q454037,http://viaf.org/viaf/162106496,333,PL_BN_books,,,,,,,False
Kopówka Edward,Kopówka,Edward,1963-10-12T00:00:00Z,,https://www.wikidata.org/wiki/Q201788,,,https://www.wikidata.org/wiki/Q8441,https://www.wikidata.org/wiki/Q16195155,http://viaf.org/viaf/103254476,334,PL_BN_books,,,,,,,False
Korab- Żebryk Roman,Korab- Żebryk,Roman,1916-01-01T00:00:00Z,2004-01-01T00:00:00Z,https://www.wikidata.org/wiki/Q201788,https://www.wikidata.org/wiki/Q2678,,https://www.wikidata.org/wiki/Q8441,https://www.wikidata.org/wiki/Q9312386,http://viaf.org/viaf/12379843,335,PL_BN_books,,,,,,,False
Korboński Stefan,Korboński,Stefan,1901-03-02T00:00:00Z,1989-04-23T00:00:00Z,https://www.wikidata.org/wiki/Q82955|https://www.wikidata.org/wiki/Q380075|https://www.wikidata.org/wiki/Q6051619,https://www.wikidata.org/wiki/Q569938,https://www.wikidata.org/wiki/Q61,https://www.wikidata.org/wiki/Q8441,https://www.wikidata.org/wiki/Q3848163,http://viaf.org/viaf/111996345,336,PL_BN_books,,,,,,,False
Amsterdamski Stefan,Amsterdamski,Stefan,1929-01-15T00:00:00Z,2005-07-19T00:00:00Z,https://www.wikidata.org/wiki/Q4964182,https://www.wikidata.org/wiki/Q270,https://www.wikidata.org/wiki/Q270,https://www.wikidata.org/wiki/Q8441,https://www.wikidata.org/wiki/Q7940927,http://viaf.org/viaf/64084451,337,PL_BN_books,Żerski Stanisław|Stanisław Żerski,,,,,,False
Geller Michail Jakovlevi~5c,Geller,Michail Jakovlevi~5c,1920-01-01T00:00:00Z,1993-08-31T00:00:00Z,https://www.wikidata.org/wiki/Q201788,https://www.wikidata.org/wiki/Q9248,https://www.wikidata.org/wiki/Q100,https://www.wikidata.org/wiki/Q8441,https://www.wikidata.org/wiki/Q4316661,http://viaf.org/viaf/64009811,34,PL_BN_books,,,,,Heller Michał,,False
Korczańska Wiesława M.,Korczańska,Wiesława M.,,,,,,,,http://viaf.org/viaf/302087549,340,PL_BN_books,,,,,,,False
Korfanty Wojciech,Korfanty,Wojciech,1873-04-20T00:00:00Z,1939-08-17T00:00:00Z,https://www.wikidata.org/wiki/Q82955|https://www.wikidata.org/wiki/Q1930187,https://www.wikidata.org/wiki/Q158485,https://www.wikidata.org/wiki/Q270,https://www.wikidata.org/wiki/Q8441,https://www.wikidata.org/wiki/Q62006,http://viaf.org/viaf/18017092,341,PL_BN_books,,,,,,,False
Kornecka Jadwiga,Kornecka,Jadwiga,,,,,,,,http://viaf.org/viaf/311120821,342,PL_BN_books,,,,,,,False
Bereś Stanisław,Bereś,Stanisław,1950,,,,,,,http://viaf.org/viaf/73159234248003371134,343,PL_BN_books,Nowicki Stanisław,,,,,,False
"Pawlak, Antoni",Pawlak,Antoni,1946-09-20T00:00:00Z,,https://www.wikidata.org/wiki/Q4263842|https://www.wikidata.org/wiki/Q49757|https://www.wikidata.org/wiki/Q36180|https://www.wikidata.org/wiki/Q1622272|https://www.wikidata.org/wiki/Q333634,https://www.wikidata.org/wiki/Q105084,,https://www.wikidata.org/wiki/Q8441,https://www.wikidata.org/wiki/Q6307323,http://viaf.org/viaf/27082586,344,CZ_books;PL_BN_books,,,,,,,False
Korund Gustaw,Korund,Gustaw,,,,,,,,http://viaf.org/viaf/26118814,345,PL_BN_books,,,,,,,False
Korwin- Mikke Janusz,Korwin- Mikke,Janusz,1942-10-27T00:00:00Z,,https://www.wikidata.org/wiki/Q1930187|https://www.wikidata.org/wiki/Q18437198|https://www.wikidata.org/wiki/Q82955|https://www.wikidata.org/wiki/Q1227195|https://www.wikidata.org/wiki/Q860918,https://www.wikidata.org/wiki/Q270,,https://www.wikidata.org/wiki/Q8441,https://www.wikidata.org/wiki/Q1683061,http://viaf.org/viaf/101734670,346,CZ_articles;PL_BN_books,Ryszard Janusz|J.K.-M.|J.K-M,,,,,,False
Berezowski Zygmunt,Berezowski,Zygmunt,1891-09-17T00:00:00Z,1979-07-01T00:00:00Z,https://www.wikidata.org/wiki/Q1930187,https://www.wikidata.org/wiki/Q1437277,https://www.wikidata.org/wiki/Q84,https://www.wikidata.org/wiki/Q8441,https://www.wikidata.org/wiki/Q9392789,http://viaf.org/viaf/102173286,347,PL_BN_books,,,,,,,False
Korwin- Sokołowski Adam Ludwik,Korwin- Sokołowski,Adam Ludwik,1896-01-01T00:00:00Z,1979-01-01T00:00:00Z,https://www.wikidata.org/wiki/Q4002659,,,https://www.wikidata.org/wiki/Q8441,https://www.wikidata.org/wiki/Q6461061,http://viaf.org/viaf/67924055,349,PL_BN_books,,,,,,,False
Pużak Kazimierz,Pużak,Kazimierz,1883-08-26T00:00:00Z,1950-04-30T00:00:00Z,https://www.wikidata.org/wiki/Q82955,https://www.wikidata.org/wiki/Q156743,https://www.wikidata.org/wiki/Q52898,https://www.wikidata.org/wiki/Q8441,https://www.wikidata.org/wiki/Q317587,http://viaf.org/viaf/77117311,35,PL_BN_books,,,,,,,False
Korzeniewski Bohdan,Korzeniewski,Bohdan,1905-04-12T00:00:00Z,1992-09-05T00:00:00Z,https://www.wikidata.org/wiki/Q3387717,https://www.wikidata.org/wiki/Q319813,https://www.wikidata.org/wiki/Q270,https://www.wikidata.org/wiki/Q8441,https://www.wikidata.org/wiki/Q9176170,http://viaf.org/viaf/14791127,351,PL_BN_books,,,,,,,False
Korzeń Jan,Korzeń,Jan,,,,,,,,http://viaf.org/viaf/308734625,353,PL_BN_books,,,,,,,False
Košelìvec Ìvan,Košelìvec,Ìvan,1907-11-23T00:00:00Z,1999-02-05T00:00:00Z,https://www.wikidata.org/wiki/Q1930187|https://www.wikidata.org/wiki/Q4263842,https://www.wikidata.org/wiki/Q545958,https://www.wikidata.org/wiki/Q1726,https://www.wikidata.org/wiki/Q8441,https://www.wikidata.org/wiki/Q12113977,http://viaf.org/viaf/64888654,354,PL_BN_books,,,,,Koszeliwec Iwan,,False
Kosiński Jerzy N.,Kosiński,Jerzy N.,1933-06-14T00:00:00Z,1991-05-03T00:00:00Z,https://www.wikidata.org/wiki/Q36180|https://www.wikidata.org/wiki/Q482980|https://www.wikidata.org/wiki/Q28389|https://www.wikidata.org/wiki/Q6625963|https://www.wikidata.org/wiki/Q11774202,https://www.wikidata.org/wiki/Q580,https://www.wikidata.org/wiki/Q11299,https://www.wikidata.org/wiki/Q8441,https://www.wikidata.org/wiki/Q319447,http://viaf.org/viaf/67257391,355,PL_BN_books,Joseph Novak,,,,,,False
Kossak- Szczucka Zofia,Kossak- Szczucka,Zofia,1889-08-10T00:00:00Z,1968-04-09T00:00:00Z,https://www.wikidata.org/wiki/Q36180|https://www.wikidata.org/wiki/Q6051619,https://www.wikidata.org/wiki/Q6435636,https://www.wikidata.org/wiki/Q106583,https://www.wikidata.org/wiki/Q467,https://www.wikidata.org/wiki/Q218309,http://viaf.org/viaf/88650315,356,PL_BN_books,,,,,,,False
Kossmann Alfons,Kossmann,Alfons,,,,,,,,http://viaf.org/viaf/249946553,357,PL_BN_books,,,,,,,False
Zieliński Kazimierz,Zieliński,Kazimierz,,,,,,,,http://viaf.org/viaf/166170159,360,PL_BN_books,,,,,,,False
Kotov Petr,Kotov,Petr,,,,,,,,http://viaf.org/viaf/262132769,363,PL_BN_books,,,,,Kotow Piotr,,False
Kott Jan,Kott,Jan,1914-10-27T00:00:00Z,2001-12-22T00:00:00Z,https://www.wikidata.org/wiki/Q1930187|https://www.wikidata.org/wiki/Q4263842|https://www.wikidata.org/wiki/Q17337766|https://www.wikidata.org/wiki/Q49757|https://www.wikidata.org/wiki/Q36180|https://www.wikidata.org/wiki/Q13570226|https://www.wikidata.org/wiki/Q333634,https://www.wikidata.org/wiki/Q270,https://www.wikidata.org/wiki/Q47164,https://www.wikidata.org/wiki/Q8441,https://www.wikidata.org/wiki/Q516786,http://viaf.org/viaf/66586118,364,PL_BN_books,,,,,,,False
Kotulczyk Benedykt,Kotulczyk,Benedykt,,,,,,,,http://viaf.org/viaf/303178702,365,PL_BN_books,,,,,,,False
Kowalak Tadeusz,Kowalak,Tadeusz,1916-03-20T00:00:00Z,2007-10-02T00:00:00Z,https://www.wikidata.org/wiki/Q1227195,,,https://www.wikidata.org/wiki/Q8441,https://www.wikidata.org/wiki/Q9354450,http://viaf.org/viaf/74872887,366,PL_BN_books,,,,,,,False
Kowalewski Zbigniew M.,Kowalewski,Zbigniew M.,1943-01-01T00:00:00Z,,https://www.wikidata.org/wiki/Q7886765|https://www.wikidata.org/wiki/Q1930187,,,https://www.wikidata.org/wiki/Q8441,https://www.wikidata.org/wiki/Q9388131,http://viaf.org/viaf/101845566,367,PL_BN_books,,,,,,,False
Kowalik Tadeusz,Kowalik,Tadeusz,1926-11-19T00:00:00Z,2012-07-30T00:00:00Z,https://www.wikidata.org/wiki/Q7886765|https://www.wikidata.org/wiki/Q1227195,https://www.wikidata.org/wiki/Q6348959,https://www.wikidata.org/wiki/Q270,https://www.wikidata.org/wiki/Q8441,https://www.wikidata.org/wiki/Q9354454,http://viaf.org/viaf/9890873,369,PL_BN_books,,,,,,,False
Garliński Józef,Garliński,Józef,1913-11-14T00:00:00Z,2005-11-29T00:00:00Z,https://www.wikidata.org/wiki/Q201788,https://www.wikidata.org/wiki/Q1899,https://www.wikidata.org/wiki/Q84,https://www.wikidata.org/wiki/Q8441,https://www.wikidata.org/wiki/Q3847762,http://viaf.org/viaf/49225928,37,PL_BN_books,,,,,Garlicki Józef Gawliński Józef,,False
Kowalska Anka,Kowalska,Anka,1932-02-22T00:00:00Z,2008-06-29T00:00:00Z,https://www.wikidata.org/wiki/Q49757|https://www.wikidata.org/wiki/Q36180,https://www.wikidata.org/wiki/Q105060,https://www.wikidata.org/wiki/Q270,https://www.wikidata.org/wiki/Q467,https://www.wikidata.org/wiki/Q9154914,http://viaf.org/viaf/84995388,370,CZ_articles;PL_BN_books,,,,,,,False
Kowalski Andrzej,Kowalski,Andrzej,,,,,,https://www.wikidata.org/wiki/Q8441,https://www.wikidata.org/wiki/Q100153351,http://viaf.org/viaf/101945680,371,PL_BN_books,,,,,,,False
Besancon Alain,Besancon,Alain,1932-04-25T00:00:00Z,,https://www.wikidata.org/wiki/Q2251335|https://www.wikidata.org/wiki/Q201788|https://www.wikidata.org/wiki/Q1238570,https://www.wikidata.org/wiki/Q245546,,https://www.wikidata.org/wiki/Q8441,https://www.wikidata.org/wiki/Q2629540,http://viaf.org/viaf/276243832,374,PL_BN_books,,,,,,,False
Kowalski S.,Kowalski,S.,,,,,,,,http://viaf.org/viaf/49187513,376,PL_BN_books,,,,,,,False
Kowalski Stanisław,Kowalski,Stanisław,1935-04-22T00:00:00Z,,,https://www.wikidata.org/wiki/Q47554,,https://www.wikidata.org/wiki/Q8441,https://www.wikidata.org/wiki/Q9342328,http://viaf.org/viaf/161880850,377,PL_BN_books,,,,,,,False
Kowalski Tadeusz,Kowalski,Tadeusz,1909-08-29T00:00:00Z❦1909-01-01T00:00:00Z,1965-09-02T00:00:00Z❦1965-01-01T00:00:00Z,,,,https://www.wikidata.org/wiki/Q8441,https://www.wikidata.org/wiki/Q104521284,http://viaf.org/viaf/100996254,378,PL_BN_books,,,,,,,False
Moczulski Leszek,Moczulski,Leszek,1930-06-07T00:00:00Z,,https://www.wikidata.org/wiki/Q82955|https://www.wikidata.org/wiki/Q201788,https://www.wikidata.org/wiki/Q270,,https://www.wikidata.org/wiki/Q8441,https://www.wikidata.org/wiki/Q6532165,http://viaf.org/viaf/112080629,38,CZ_books;CZ_articles;PL_BN_books,Naruszewicz Natalia,,,,Moczulski Leszek Robert,,False
Kowalski Zenon,Kowalski,Zenon,,,,,,,,http://viaf.org/viaf/9858152684041623430005,382,PL_BN_books,,,,,,,False
Kozakiewicz Władysław,Kozakiewicz,Władysław,1953-12-08T00:00:00Z,,https://www.wikidata.org/wiki/Q11513337,https://www.wikidata.org/wiki/Q391011,,https://www.wikidata.org/wiki/Q8441,https://www.wikidata.org/wiki/Q313171,http://viaf.org/viaf/163421539,384,PL_BN_books,,,,,,,False
Koziar Jan,Koziar,Jan,1943-02-27T00:00:00Z,,https://www.wikidata.org/wiki/Q520549,https://www.wikidata.org/wiki/Q2691984,,https://www.wikidata.org/wiki/Q8441,https://www.wikidata.org/wiki/Q11718108,http://viaf.org/viaf/116145542639196641916,385,PL_BN_books,Sadowski Andrzej,,,,,,False
Kozieł Jacek,Kozieł,Jacek,,,,,,,,http://viaf.org/viaf/303632312,387,PL_BN_books,,,,,,,False
Geresz Jerzy,Geresz,Jerzy,1948-09-24T00:00:00Z,2020-08-29T00:00:00Z,https://www.wikidata.org/wiki/Q2251335,https://www.wikidata.org/wiki/Q5620806,https://www.wikidata.org/wiki/Q209932,https://www.wikidata.org/wiki/Q8441,https://www.wikidata.org/wiki/Q11724612,http://viaf.org/viaf/161808335,39,PL_BN_books,,,,,,,False
Krajewski Jan,Krajewski,Jan,,,,,,,,http://viaf.org/viaf/73897441,390,PL_BN_books,,,,,,,False
Krajewski Kazimierz,Krajewski,Kazimierz,1955-01-01T00:00:00Z,,,,,https://www.wikidata.org/wiki/Q8441,https://www.wikidata.org/wiki/Q48850050,http://viaf.org/viaf/101734346,391,PL_BN_books,,,,,,,False
Łakiński Zbigniew,Łakiński,Zbigniew,,,,,,,,http://viaf.org/viaf/249694681,392,PL_BN_books,,,,,,,False
Krakowiecki Anatol,Krakowiecki,Anatol,1901-05-11T00:00:00Z,1950-04-07T00:00:00Z,https://www.wikidata.org/wiki/Q1930187,https://www.wikidata.org/wiki/Q11820337,https://www.wikidata.org/wiki/Q84,https://www.wikidata.org/wiki/Q8441,https://www.wikidata.org/wiki/Q9150629,http://viaf.org/viaf/46631823,393,PL_BN_books,,,,,,,False
Kraljevic Svetozar,Kraljevic,Svetozar,,,,,,,,http://viaf.org/viaf/8750077,394,PL_BN_books,,,,,,,False
Krall Hanna,Krall,Hanna,1937-05-20T00:00:00Z❦1935-05-20T00:00:00Z,,https://www.wikidata.org/wiki/Q1930187|https://www.wikidata.org/wiki/Q36180,https://www.wikidata.org/wiki/Q270,,https://www.wikidata.org/wiki/Q467,https://www.wikidata.org/wiki/Q508420,http://viaf.org/viaf/13036553,395,CZ_articles;PL_BN_books,,,,,,,False
Kranc Remigiusz,Kranc,Remigiusz,,,,,,,,http://viaf.org/viaf/36251935,396,PL_BN_books,,,,,,,False
Krasiński Zygmunt,Krasiński,Zygmunt,1812-02-19T00:00:00Z,1859-02-23T00:00:00Z,https://www.wikidata.org/wiki/Q487596|https://www.wikidata.org/wiki/Q4964182|https://www.wikidata.org/wiki/Q49757|https://www.wikidata.org/wiki/Q36180,https://www.wikidata.org/wiki/Q90,https://www.wikidata.org/wiki/Q90,https://www.wikidata.org/wiki/Q8441,https://www.wikidata.org/wiki/Q245355,http://viaf.org/viaf/64038850,399,PL_BN_books,Le poète anonyme de la Pologne,,,,,,False
Friedman Milton,Friedman,Milton,1912-07-31T00:00:00Z,2006-11-16T00:00:00Z,https://www.wikidata.org/wiki/Q36180|https://www.wikidata.org/wiki/Q1622272|https://www.wikidata.org/wiki/Q2732142|https://www.wikidata.org/wiki/Q1227195|https://www.wikidata.org/wiki/Q11774202,https://www.wikidata.org/wiki/Q18419,https://www.wikidata.org/wiki/Q62,https://www.wikidata.org/wiki/Q8441,https://www.wikidata.org/wiki/Q47426,http://viaf.org/viaf/46761275,4,PL_BN_books,,,,,Freedman Milton,,False
Banasikowski Edmund,Banasikowski,Edmund,1914-04-03T00:00:00Z,2010-04-03T00:00:00Z,https://www.wikidata.org/wiki/Q4002659,https://www.wikidata.org/wiki/Q319813,,https://www.wikidata.org/wiki/Q8441,https://www.wikidata.org/wiki/Q9250374,http://viaf.org/viaf/57024555,40,PL_BN_books,,,,,,,False
Krasucki Piotr,Krasucki,Piotr,,,,,,,,http://viaf.org/viaf/285232450,400,PL_BN_books,Spruciak K.|Spruciak K.;,,,,,,False
Krauze Andrzej,Krauze,Andrzej,1947-03-07T00:00:00Z,,https://www.wikidata.org/wiki/Q644687|https://www.wikidata.org/wiki/Q3658608,https://www.wikidata.org/wiki/Q5212952,,https://www.wikidata.org/wiki/Q8441,https://www.wikidata.org/wiki/Q9152616,http://viaf.org/viaf/174141,402,PL_BN_books,,,,,,,False
Adamiec Witold,Adamiec,Witold,1945-08-08T00:00:00Z,2004-01-01T00:00:00Z,,,,https://www.wikidata.org/wiki/Q8441,https://www.wikidata.org/wiki/Q9375578,http://viaf.org/viaf/39788339,402149,PL_BN_books,Wit Jan|Adamiec Witold,,,,,,False
Kręcioch Andrzej,Kręcioch,Andrzej,,,,,,,,http://viaf.org/viaf/303112128,405,PL_BN_books,Charłampowie A. i S.,,,,,,False
Kriele Martin,Kriele,Martin,1931-01-19T00:00:00Z,2020-10-19T00:00:00Z,https://www.wikidata.org/wiki/Q4594605|https://www.wikidata.org/wiki/Q1622272,https://www.wikidata.org/wiki/Q315138,,https://www.wikidata.org/wiki/Q8441,https://www.wikidata.org/wiki/Q106278,http://viaf.org/viaf/2482539,406,PL_BN_books,,,,,,,False
Kristol Irving,Kristol,Irving,1920-01-22T00:00:00Z,2009-09-18T00:00:00Z,https://www.wikidata.org/wiki/Q1930187|https://www.wikidata.org/wiki/Q201788|https://www.wikidata.org/wiki/Q4964182|https://www.wikidata.org/wiki/Q2085381|https://www.wikidata.org/wiki/Q2306091|https://www.wikidata.org/wiki/Q82955,https://www.wikidata.org/wiki/Q18419,https://www.wikidata.org/wiki/Q107126,https://www.wikidata.org/wiki/Q8441,https://www.wikidata.org/wiki/Q553196,http://viaf.org/viaf/84235560,407,PL_BN_books,,,,,,,False
Kropiwnicki Jerzy,Kropiwnicki,Jerzy,1945-07-05T00:00:00Z,,https://www.wikidata.org/wiki/Q7886765|https://www.wikidata.org/wiki/Q82955|https://www.wikidata.org/wiki/Q1227195,https://www.wikidata.org/wiki/Q103217,,https://www.wikidata.org/wiki/Q8441,https://www.wikidata.org/wiki/Q1687987,http://viaf.org/viaf/101849164,408,PL_BN_books,,,,,,,False
Gibran Khalil,Gibran,Khalil,1883-01-06T00:00:00Z,1931-04-10T00:00:00Z,https://www.wikidata.org/wiki/Q4964182|https://www.wikidata.org/wiki/Q49757|https://www.wikidata.org/wiki/Q36180|https://www.wikidata.org/wiki/Q1028181,https://www.wikidata.org/wiki/Q181167,https://www.wikidata.org/wiki/Q60,https://www.wikidata.org/wiki/Q8441,https://www.wikidata.org/wiki/Q47737,http://viaf.org/viaf/88896061,41,PL_BN_books,,,,,,,False
Król Krzysztof,Król,Krzysztof,1963-10-05T00:00:00Z,,https://www.wikidata.org/wiki/Q82955,https://www.wikidata.org/wiki/Q270,,https://www.wikidata.org/wiki/Q8441,https://www.wikidata.org/wiki/Q11749413,http://viaf.org/viaf/101844358,410,CZ_articles;PL_BN_books,Grot Andrzej,,,,,,False
Król Marcin,Król,Marcin,1944-05-18T00:00:00Z,2020-11-25T00:00:00Z,https://www.wikidata.org/wiki/Q1622272|https://www.wikidata.org/wiki/Q4964182,https://www.wikidata.org/wiki/Q270,https://www.wikidata.org/wiki/Q209932,https://www.wikidata.org/wiki/Q8441,https://www.wikidata.org/wiki/Q11767657,http://viaf.org/viaf/13064,411,PL_BN_books,M.K.|M. K.,,,,,,False
Królik Ludwik,Królik,Ludwik,1942-06-01T00:00:00Z,1999-01-01T00:00:00Z,https://www.wikidata.org/wiki/Q725440,https://www.wikidata.org/wiki/Q4366289,https://www.wikidata.org/wiki/Q270,https://www.wikidata.org/wiki/Q8441,https://www.wikidata.org/wiki/Q8862545,http://viaf.org/viaf/101881357,413,PL_BN_books,,,,,,,False
Kruk Krzysztof,Kruk,Krzysztof,1935-02-28T00:00:00Z,,https://www.wikidata.org/wiki/Q1930187,https://www.wikidata.org/wiki/Q158488,,https://www.wikidata.org/wiki/Q8441,https://www.wikidata.org/wiki/Q11765390,http://viaf.org/viaf/84078934,414,PL_BN_books,,,,,,,False
Krupiński Józef,Krupiński,Józef,1930-09-24T00:00:00Z,1998-09-01T00:00:00Z,https://www.wikidata.org/wiki/Q49757|https://www.wikidata.org/wiki/Q36180,https://www.wikidata.org/wiki/Q7533963,https://www.wikidata.org/wiki/Q1001207,https://www.wikidata.org/wiki/Q8441,https://www.wikidata.org/wiki/Q715447,http://viaf.org/viaf/65502891,415,PL_BN_books,,,,,,,False
Kruszyński Józef,Kruszyński,Józef,1877-03-18T00:00:00Z,1953-08-10T00:00:00Z,https://www.wikidata.org/wiki/Q2251335,https://www.wikidata.org/wiki/Q7229936,https://www.wikidata.org/wiki/Q106681,https://www.wikidata.org/wiki/Q8441,https://www.wikidata.org/wiki/Q11730628,http://viaf.org/viaf/89159382,416,PL_BN_books,,,,,,,False
Kryg Jacek,Kryg,Jacek,,,,,,,,http://viaf.org/viaf/11995951,417,PL_BN_books,,,,,,,False
"Kryl, Karel",Kryl,Karel,1944-04-12T00:00:00Z,1994-03-03T00:00:00Z,https://www.wikidata.org/wiki/Q488205|https://www.wikidata.org/wiki/Q7541856|https://www.wikidata.org/wiki/Q49757|https://www.wikidata.org/wiki/Q36180|https://www.wikidata.org/wiki/Q177220|https://www.wikidata.org/wiki/Q36834,https://www.wikidata.org/wiki/Q158239,https://www.wikidata.org/wiki/Q1726,https://www.wikidata.org/wiki/Q8441,https://www.wikidata.org/wiki/Q164593,http://viaf.org/viaf/64127142,418,PL_BezCenzury_books;CZ_articles;PL_BezCenzury_articles;PL_BN_books,,,,,,,False
Krzeczkowski Henryk,Krzeczkowski,Henryk,1921-04-19T00:00:00Z,1985-12-28T00:00:00Z,https://www.wikidata.org/wiki/Q15980158|https://www.wikidata.org/wiki/Q6051619|https://www.wikidata.org/wiki/Q4002659|https://www.wikidata.org/wiki/Q333634,https://www.wikidata.org/wiki/Q156726,https://www.wikidata.org/wiki/Q270,https://www.wikidata.org/wiki/Q8441,https://www.wikidata.org/wiki/Q9288383,http://viaf.org/viaf/46890593,420,PL_BN_books,Mikołaj Sawulak|Henryk Meysztowicz,,,,,,False
Krzeczunowicz Kornel,Krzeczunowicz,Kornel,1894-08-22T00:00:00Z,1988-12-03T00:00:00Z,https://www.wikidata.org/wiki/Q4002659,https://www.wikidata.org/wiki/Q4092249,https://www.wikidata.org/wiki/Q84,https://www.wikidata.org/wiki/Q8441,https://www.wikidata.org/wiki/Q11743683,http://viaf.org/viaf/101918569,421,PL_BN_books,,,,,,,False
Krzepkowski Andrzej,Krzepkowski,Andrzej,1940,1995,,,,,,http://viaf.org/viaf/11628468,423,PL_BN_books,Dalcz Aleksy,,,,,,False
Krzysztoporska Maria,Krzysztoporska,Maria,1904,1975,,,,,,http://viaf.org/viaf/70266270,424,PL_BN_books,,,,,,,False
Krzyżanowski Adam,Krzyżanowski,Adam,1873-01-19T00:00:00Z,1963-01-29T00:00:00Z,https://www.wikidata.org/wiki/Q1227195,https://www.wikidata.org/wiki/Q31487,https://www.wikidata.org/wiki/Q31487,https://www.wikidata.org/wiki/Q8441,https://www.wikidata.org/wiki/Q9139877,http://viaf.org/viaf/43029330,425,PL_BN_books,,,,,,,False
Krzyżanowski Bronisław,Krzyżanowski,Bronisław,1906-07-07T00:00:00Z,1983-12-20T00:00:00Z,,https://www.wikidata.org/wiki/Q216,https://www.wikidata.org/wiki/Q1799,https://www.wikidata.org/wiki/Q8441,https://www.wikidata.org/wiki/Q48851456,http://viaf.org/viaf/61556498,426,PL_BN_books,Bałtruk,,,,,,False
Kucharzewski Jan,Kucharzewski,Jan,1876-05-27T00:00:00Z,1952-07-04T00:00:00Z,https://www.wikidata.org/wiki/Q1930187|https://www.wikidata.org/wiki/Q201788|https://www.wikidata.org/wiki/Q36180|https://www.wikidata.org/wiki/Q185351|https://www.wikidata.org/wiki/Q82955|https://www.wikidata.org/wiki/Q380075,https://www.wikidata.org/wiki/Q335580,https://www.wikidata.org/wiki/Q60,https://www.wikidata.org/wiki/Q8441,https://www.wikidata.org/wiki/Q1392066,http://viaf.org/viaf/54204115,429,PL_BN_books,,,,,,,False
Kuczyński Józef,Kuczyński,Józef,1904-02-15T00:00:00Z,1982-03-13T00:00:00Z,https://www.wikidata.org/wiki/Q250867|https://www.wikidata.org/wiki/Q219477,https://www.wikidata.org/wiki/Q4100633,https://www.wikidata.org/wiki/Q737925,https://www.wikidata.org/wiki/Q8441,https://www.wikidata.org/wiki/Q11730658,http://viaf.org/viaf/1087850,430,PL_BN_books,,,,,,,False
Kukiel Marian,Kukiel,Marian,1885-05-15T00:00:00Z,1972-08-15T00:00:00Z❦1973-08-15T00:00:00Z,https://www.wikidata.org/wiki/Q82955|https://www.wikidata.org/wiki/Q201788|https://www.wikidata.org/wiki/Q4002659,https://www.wikidata.org/wiki/Q324971,https://www.wikidata.org/wiki/Q84,https://www.wikidata.org/wiki/Q8441,https://www.wikidata.org/wiki/Q2992233,http://viaf.org/viaf/36961926,432,PL_BN_books,,,,,,,False
Kukliński Ryszard Jerzy,Kukliński,Ryszard Jerzy,1930-06-13T00:00:00Z,2004-02-11T00:00:00Z,https://www.wikidata.org/wiki/Q47064|https://www.wikidata.org/wiki/Q9352089,https://www.wikidata.org/wiki/Q270,https://www.wikidata.org/wiki/Q49255,https://www.wikidata.org/wiki/Q8441,https://www.wikidata.org/wiki/Q430607,http://viaf.org/viaf/45112474,434,CZ_books;PL_BN_books,Jack Strong,,,,Kukliński Ryszard J.,,False
Kulerski Wiktor,Kulerski,Wiktor,1935-01-22T00:00:00Z,,https://www.wikidata.org/wiki/Q201788,https://www.wikidata.org/wiki/Q123511,,https://www.wikidata.org/wiki/Q8441,https://www.wikidata.org/wiki/Q9374070,http://viaf.org/viaf/164421270,435,PL_BN_books,Rekulski Antoni T.,,,,,,False
Kulmowa Joanna,Kulmowa,Joanna,1928-03-25T00:00:00Z,2018-06-17T00:00:00Z,https://www.wikidata.org/wiki/Q49757|https://www.wikidata.org/wiki/Q36180,https://www.wikidata.org/wiki/Q580,https://www.wikidata.org/wiki/Q270,https://www.wikidata.org/wiki/Q467,https://www.wikidata.org/wiki/Q11727449,http://viaf.org/viaf/54955907,436,PL_BN_books,,,,,,,False
Kundera Milan,Kundera,Milan,1929-04-01T00:00:00Z,,https://www.wikidata.org/wiki/Q487596|https://www.wikidata.org/wiki/Q49757|https://www.wikidata.org/wiki/Q36180|https://www.wikidata.org/wiki/Q1622272|https://www.wikidata.org/wiki/Q482980|https://www.wikidata.org/wiki/Q28389|https://www.wikidata.org/wiki/Q333634|https://www.wikidata.org/wiki/Q6625963,https://www.wikidata.org/wiki/Q14960,,https://www.wikidata.org/wiki/Q8441,https://www.wikidata.org/wiki/Q93166,http://viaf.org/viaf/51691735,437,PL_BezCenzury_books;CZ_articles;PL_BezCenzury_articles;PL_BN_books,,,,,,,False
Kunze Reiner,Kunze,Reiner,1933-08-16T00:00:00Z,,https://www.wikidata.org/wiki/Q49757|https://www.wikidata.org/wiki/Q36180|https://www.wikidata.org/wiki/Q2526255|https://www.wikidata.org/wiki/Q14467526|https://www.wikidata.org/wiki/Q28389|https://www.wikidata.org/wiki/Q333634,https://www.wikidata.org/wiki/Q57929,,https://www.wikidata.org/wiki/Q8441,https://www.wikidata.org/wiki/Q61199,http://viaf.org/viaf/19679721,438,PL_BN_books,,,,,,,False
Kupčins'kij Roman,Kupčins'kij,Roman,1894-10-06T00:00:00Z,1976-06-10T00:00:00Z,https://www.wikidata.org/wiki/Q36180|https://www.wikidata.org/wiki/Q1930187|https://www.wikidata.org/wiki/Q36834,https://www.wikidata.org/wiki/Q4396480,https://www.wikidata.org/wiki/Q2001670,https://www.wikidata.org/wiki/Q8441,https://www.wikidata.org/wiki/Q12115897,http://viaf.org/viaf/50094928,439,PL_BN_books,R.K.,,,,Kupczyński Roman,,False
Kurdakov Sergej,Kurdakov,Sergej,,,,,,,,http://viaf.org/viaf/217312397,440,PL_BN_books,,,,,Kurdakow Siergiej,,False
Kurecka Maria,Kurecka,Maria,1920-07-20T00:00:00Z,1989-01-10T00:00:00Z,https://www.wikidata.org/wiki/Q36180|https://www.wikidata.org/wiki/Q333634,https://www.wikidata.org/wiki/Q104725,https://www.wikidata.org/wiki/Q64,https://www.wikidata.org/wiki/Q467,https://www.wikidata.org/wiki/Q11768986,http://viaf.org/viaf/40397949,441,PL_BN_books,,,,,,,False
"Kuroń, Jacek",Kuroń,Jacek,1934-03-03T00:00:00Z,2004-06-17T00:00:00Z,https://www.wikidata.org/wiki/Q7886765|https://www.wikidata.org/wiki/Q82955|https://www.wikidata.org/wiki/Q201788,https://www.wikidata.org/wiki/Q36036,https://www.wikidata.org/wiki/Q270,https://www.wikidata.org/wiki/Q8441,https://www.wikidata.org/wiki/Q55743,http://viaf.org/viaf/51691742,442,CZ_books;CZ_articles;PL_BN_books,,,,,,,False
Besedovskij Grigorij Zinov'evič,Besedovskij,Grigorij Zinov'evič,1896-01-01T00:00:00Z,1963-01-01T00:00:00Z,https://www.wikidata.org/wiki/Q193391|https://www.wikidata.org/wiki/Q36180,https://www.wikidata.org/wiki/Q156747,https://www.wikidata.org/wiki/Q142,https://www.wikidata.org/wiki/Q8441,https://www.wikidata.org/wiki/Q4085588,http://viaf.org/viaf/8632422,443,PL_BN_books,,,,,Biesiedowskij G. Z.,,False
Betański Zygmunt,Betański,Zygmunt,,,,,,,,http://viaf.org/viaf/163053751,445,PL_BN_books,,,,,,,False
Białkowski Grzegorz,Białkowski,Grzegorz,1932-12-08T00:00:00Z,1989-06-29T00:00:00Z,https://www.wikidata.org/wiki/Q169470|https://www.wikidata.org/wiki/Q49757,https://www.wikidata.org/wiki/Q270,https://www.wikidata.org/wiki/Q270,https://www.wikidata.org/wiki/Q8441,https://www.wikidata.org/wiki/Q9281722,http://viaf.org/viaf/6394317,446,PL_BN_books,Szymanek Antoni,,,,,,False
Bidziński Henryk,Bidziński,Henryk,,,,,,,,http://viaf.org/viaf/164797418,447,PL_BN_books,,,,,,,False
Kusiński Bolesław,Kusiński,Bolesław,1891-10-03T00:00:00Z,1940-01-01T00:00:00Z,https://www.wikidata.org/wiki/Q4002659,https://www.wikidata.org/wiki/Q158796,https://www.wikidata.org/wiki/Q2288,https://www.wikidata.org/wiki/Q8441,https://www.wikidata.org/wiki/Q9176787,http://viaf.org/viaf/161682512,449,PL_BN_books,,,,,,,False
Giełżyński Wojciech,Giełżyński,Wojciech,1930-05-09T00:00:00Z,2015-03-03T00:00:00Z,https://www.wikidata.org/wiki/Q1930187,https://www.wikidata.org/wiki/Q270,,https://www.wikidata.org/wiki/Q8441,https://www.wikidata.org/wiki/Q9376484,http://viaf.org/viaf/41855237,45,PL_BN_books,,,,,,,False
Kuśmierek Józef,Kuśmierek,Józef,1927-03-16T00:00:00Z,1992-03-27T00:00:00Z,https://www.wikidata.org/wiki/Q1930187,https://www.wikidata.org/wiki/Q270,,https://www.wikidata.org/wiki/Q8441,https://www.wikidata.org/wiki/Q11730676,http://viaf.org/viaf/7401187,450,PL_BN_books,,,,,Kuśmirek Józef,,False
Kutrzeba Tadeusz,Kutrzeba,Tadeusz,1886-04-15T00:00:00Z,1947-01-08T00:00:00Z,https://www.wikidata.org/wiki/Q4002659,https://www.wikidata.org/wiki/Q31487,https://www.wikidata.org/wiki/Q84,https://www.wikidata.org/wiki/Q8441,https://www.wikidata.org/wiki/Q531148,http://viaf.org/viaf/1496151778253318130001,457,PL_BN_books,,,,,,,False
Kuusinen Aino,Kuusinen,Aino,1886-03-05T00:00:00Z,1970-09-01T00:00:00Z,https://www.wikidata.org/wiki/Q82955,https://www.wikidata.org/wiki/Q568109,https://www.wikidata.org/wiki/Q1757,https://www.wikidata.org/wiki/Q467,https://www.wikidata.org/wiki/Q275200,http://viaf.org/viaf/45238200,458,PL_BN_books,,,,,,,False
Kuzio Taras,Kuzio,Taras,1958-01-01T00:00:00Z,,https://www.wikidata.org/wiki/Q201788|https://www.wikidata.org/wiki/Q1238570,https://www.wikidata.org/wiki/Q826561,,https://www.wikidata.org/wiki/Q8441,https://www.wikidata.org/wiki/Q7685535,http://viaf.org/viaf/24690545,459,PL_BN_books,,,,,,,False
Kuznecov Eduard,Kuznecov,Eduard,1939-01-29T00:00:00Z❦1939-01-01T00:00:00Z,,https://www.wikidata.org/wiki/Q36180|https://www.wikidata.org/wiki/Q1930187|https://www.wikidata.org/wiki/Q482980,https://www.wikidata.org/wiki/Q649,,https://www.wikidata.org/wiki/Q8441,https://www.wikidata.org/wiki/Q443979,http://viaf.org/viaf/305330548,460,PL_BN_books,,,,,Kuźniecow Edward,,False
Kwieciński Zbigniew,Kwieciński,Zbigniew,1941-12-26T00:00:00Z,,https://www.wikidata.org/wiki/Q1231865,,,https://www.wikidata.org/wiki/Q8441,https://www.wikidata.org/wiki/Q9388093,http://viaf.org/viaf/38093607,464,PL_BN_books,,,,,,,False
Labo Sebastian,Labo,Sebastian,1931-01-01T00:00:00Z,2014-01-01T00:00:00Z,https://www.wikidata.org/wiki/Q250867,,,https://www.wikidata.org/wiki/Q8441,https://www.wikidata.org/wiki/Q85764535,http://viaf.org/viaf/67407809,465,PL_BN_books,,,,,,,False
Lamentowicz Wojciech,Lamentowicz,Wojciech,1946-06-07T00:00:00Z,,https://www.wikidata.org/wiki/Q82955,https://www.wikidata.org/wiki/Q270,,https://www.wikidata.org/wiki/Q8441,https://www.wikidata.org/wiki/Q9376646,http://viaf.org/viaf/5335191,466,PL_BN_books,,,,,,,False
Lammich Siegfried,Lammich,Siegfried,1939-01-01T00:00:00Z,2017-01-01T00:00:00Z,https://www.wikidata.org/wiki/Q1650915|https://www.wikidata.org/wiki/Q185351,,,https://www.wikidata.org/wiki/Q8441,https://www.wikidata.org/wiki/Q59524557,http://viaf.org/viaf/101944147,467,PL_BN_books,,,,,,,False
Lane Arthur Bliss,Lane,Arthur Bliss,1894-06-16T00:00:00Z,1956-08-12T00:00:00Z,https://www.wikidata.org/wiki/Q82955|https://www.wikidata.org/wiki/Q193391,https://www.wikidata.org/wiki/Q18419,https://www.wikidata.org/wiki/Q60,https://www.wikidata.org/wiki/Q8441,https://www.wikidata.org/wiki/Q4257500,http://viaf.org/viaf/93943147,468,PL_BN_books,,,,,Bliss-Lane Arthur,,False
Lange Oskar,Lange,Oskar,1904-07-27T00:00:00Z,1965-10-02T00:00:00Z,https://www.wikidata.org/wiki/Q1227195|https://www.wikidata.org/wiki/Q82955|https://www.wikidata.org/wiki/Q193391|https://www.wikidata.org/wiki/Q25339110,https://www.wikidata.org/wiki/Q157994,https://www.wikidata.org/wiki/Q84,https://www.wikidata.org/wiki/Q8441,https://www.wikidata.org/wiki/Q455664,http://viaf.org/viaf/73855940,469,PL_BN_books,,,,,,,False
Langner Władysław,Langner,Władysław,1896-06-18T00:00:00Z,1972-09-28T00:00:00Z,https://www.wikidata.org/wiki/Q4002659,https://www.wikidata.org/wiki/Q997392,https://www.wikidata.org/wiki/Q1425428,https://www.wikidata.org/wiki/Q8441,https://www.wikidata.org/wiki/Q3490943,http://viaf.org/viaf/301250675,470,PL_BN_books,,,,,,,False
Laqueur Walter,Laqueur,Walter,1921-05-26T00:00:00Z,2018-09-30T00:00:00Z,https://www.wikidata.org/wiki/Q1622272|https://www.wikidata.org/wiki/Q201788|https://www.wikidata.org/wiki/Q1238570,https://www.wikidata.org/wiki/Q1799,https://www.wikidata.org/wiki/Q61,https://www.wikidata.org/wiki/Q8441,https://www.wikidata.org/wiki/Q213692,http://viaf.org/viaf/108248727,471,PL_BN_books,,,,,Lakuer Walter,,False
Lasocki Wiesław Antoni,Lasocki,Wiesław Antoni,1913-11-17T00:00:00Z,1996-09-17T00:00:00Z,https://www.wikidata.org/wiki/Q4002659,https://www.wikidata.org/wiki/Q745051,,https://www.wikidata.org/wiki/Q8441,https://www.wikidata.org/wiki/Q7942733,http://viaf.org/viaf/101759520,472,PL_BN_books,,,,,,,False
Latawiec Bogusława,Latawiec,Bogusława,1939-09-25T00:00:00Z❦1939-01-01T00:00:00Z,,https://www.wikidata.org/wiki/Q4263842|https://www.wikidata.org/wiki/Q49757|https://www.wikidata.org/wiki/Q36180|https://www.wikidata.org/wiki/Q876864,https://www.wikidata.org/wiki/Q930149,,https://www.wikidata.org/wiki/Q467,https://www.wikidata.org/wiki/Q11688481,http://viaf.org/viaf/101764524,473,PL_BN_books,,,,,,,False
Lavrinenko Jurij,Lavrinenko,Jurij,1905-05-03T00:00:00Z,1987-12-14T00:00:00Z,https://www.wikidata.org/wiki/Q17167049|https://www.wikidata.org/wiki/Q876864|https://www.wikidata.org/wiki/Q6430706|https://www.wikidata.org/wiki/Q11774202|https://www.wikidata.org/wiki/Q6051619,https://www.wikidata.org/wiki/Q2566981,,https://www.wikidata.org/wiki/Q8441,https://www.wikidata.org/wiki/Q12116854,http://viaf.org/viaf/55132391,475,PL_BN_books,,,,,Ławrynenko Jurij Lawrinienko Jurij|Ławrynenko Jurij,,False
Leadbeater Charles Webster,Leadbeater,Charles Webster,1854-02-16T00:00:00Z,1934-03-01T00:00:00Z,https://www.wikidata.org/wiki/Q1234713|https://www.wikidata.org/wiki/Q42603|https://www.wikidata.org/wiki/Q2259532,https://www.wikidata.org/wiki/Q18655,https://www.wikidata.org/wiki/Q3183,https://www.wikidata.org/wiki/Q8441,https://www.wikidata.org/wiki/Q544314,http://viaf.org/viaf/100200302,476,PL_BN_books,,,,,Leadbeater C. W.,,False
"Lederer, Jiří",Lederer,Jiří,1922-07-15T00:00:00Z,1983-10-12T00:00:00Z,https://www.wikidata.org/wiki/Q1930187|https://www.wikidata.org/wiki/Q4263842|https://www.wikidata.org/wiki/Q36180|https://www.wikidata.org/wiki/Q6430706|https://www.wikidata.org/wiki/Q482980|https://www.wikidata.org/wiki/Q11774202|https://www.wikidata.org/wiki/Q6051619,https://www.wikidata.org/wiki/Q1794829,https://www.wikidata.org/wiki/Q263586,https://www.wikidata.org/wiki/Q8441,https://www.wikidata.org/wiki/Q1689799,http://viaf.org/viaf/2531348,478,PL_BezCenzury_books;CZ_articles;PL_BezCenzury_articles;PL_BN_books,,,,,,,False
Ledworowski Bogdan,Ledworowski,Bogdan,1920,,,,,,,http://viaf.org/viaf/101912520,479,PL_BN_books,,,,,,,False
Baranowska Teresa,Baranowska,Teresa,,,,,,,,http://viaf.org/viaf/166398610,48,PL_BN_books,,,,,,,False
Legutko Ryszard,Legutko,Ryszard,1949-12-24T00:00:00Z,,https://www.wikidata.org/wiki/Q4964182|https://www.wikidata.org/wiki/Q36180|https://www.wikidata.org/wiki/Q82955|https://www.wikidata.org/wiki/Q333634|https://www.wikidata.org/wiki/Q1650915,https://www.wikidata.org/wiki/Q31487,,https://www.wikidata.org/wiki/Q8441,https://www.wikidata.org/wiki/Q3453988,http://viaf.org/viaf/9195159248409704870007,480,PL_BezCenzury_articles;PL_BN_books,Hermeneutyk,,,,,,False
Leinwand Artur,Leinwand,Artur,1923-01-26T00:00:00Z,1995-07-29T00:00:00Z,https://www.wikidata.org/wiki/Q4002659,https://www.wikidata.org/wiki/Q36036,,https://www.wikidata.org/wiki/Q8441,https://www.wikidata.org/wiki/Q24263372,http://viaf.org/viaf/101734442,481,PL_BN_books,Leopold Kazimierz|Szary Karol|Kazimierz Leopold,,,,,,False
Leliwa Stefan,Leliwa,Stefan,,,,,,,,http://viaf.org/viaf/161520481,482,PL_BN_books,,,,,,,False
Lendvai Paul,Lendvai,Paul,1929-08-24T00:00:00Z,,https://www.wikidata.org/wiki/Q1930187|https://www.wikidata.org/wiki/Q36180|https://www.wikidata.org/wiki/Q947873,https://www.wikidata.org/wiki/Q1781,,https://www.wikidata.org/wiki/Q8441,https://www.wikidata.org/wiki/Q872938,http://viaf.org/viaf/109446441,483,PL_BN_books,,,,,,,False
Lerski Jerzy,Lerski,Jerzy,1917-01-01T00:00:00Z,1992-01-01T00:00:00Z,https://www.wikidata.org/wiki/Q1622272|https://www.wikidata.org/wiki/Q82955|https://www.wikidata.org/wiki/Q201788|https://www.wikidata.org/wiki/Q1238570,https://www.wikidata.org/wiki/Q36036,https://www.wikidata.org/wiki/Q62,https://www.wikidata.org/wiki/Q8441,https://www.wikidata.org/wiki/Q833018,http://viaf.org/viaf/34484318,484,PL_BN_books,,,,,,,False
"Leszkowski, Marek",Leszkowski,Marek,,,,,,,,http://viaf.org/viaf/302513075,485,CZ_articles;PL_BN_books,,,,,,,False
Levčenko Stanislav Aleksandrovič,Levčenko,Stanislav Aleksandrovič,1941-07-28T00:00:00Z,,,https://www.wikidata.org/wiki/Q649,,https://www.wikidata.org/wiki/Q8441,https://www.wikidata.org/wiki/Q3025646,http://viaf.org/viaf/79107269,486,PL_BN_books,,,,,Lewczenko Stanisław Aleksandrowicz,,False
Levic'kij Boris,Levic'kij,Boris,1915-05-19T00:00:00Z,1984-10-28T00:00:00Z,https://www.wikidata.org/wiki/Q82955|https://www.wikidata.org/wiki/Q901|https://www.wikidata.org/wiki/Q1930187|https://www.wikidata.org/wiki/Q876864,https://www.wikidata.org/wiki/Q1741,https://www.wikidata.org/wiki/Q1726,https://www.wikidata.org/wiki/Q8441,https://www.wikidata.org/wiki/Q9177981,http://viaf.org/viaf/92058432,487,PL_BN_books,,,,,Lewickyj Borys|Lewycky Boris,,False
Lewandowski Józef,Lewandowski,Józef,1923-01-01T00:00:00Z,2007-11-17T00:00:00Z,https://www.wikidata.org/wiki/Q201788,https://www.wikidata.org/wiki/Q52845,https://www.wikidata.org/wiki/Q1754,https://www.wikidata.org/wiki/Q8441,https://www.wikidata.org/wiki/Q937309,http://viaf.org/viaf/54561759,489,PL_BN_books,,,,,,,False
Barańczak Stanisław,Barańczak,Stanisław,1946-11-13T00:00:00Z,2014-12-26T00:00:00Z,https://www.wikidata.org/wiki/Q4263842|https://www.wikidata.org/wiki/Q49757|https://www.wikidata.org/wiki/Q36180|https://www.wikidata.org/wiki/Q7886765|https://www.wikidata.org/wiki/Q1622272|https://www.wikidata.org/wiki/Q6430706|https://www.wikidata.org/wiki/Q333634,https://www.wikidata.org/wiki/Q268,https://www.wikidata.org/wiki/Q10336616,https://www.wikidata.org/wiki/Q8441,https://www.wikidata.org/wiki/Q1373642,http://viaf.org/viaf/34467174,49,CZ_books;CZ_articles;PL_BN_books,,,,,,,False
Lewek Antoni,Lewek,Antoni,1940-01-14T00:00:00Z,2010-07-18T00:00:00Z,https://www.wikidata.org/wiki/Q250867,,,https://www.wikidata.org/wiki/Q8441,https://www.wikidata.org/wiki/Q9157038,http://viaf.org/viaf/101847999,490,CZ_books;CZ_articles;PL_BN_books,,,,,,,False
Liberys Napoleon,Liberys,Napoleon,1903-09-02T00:00:00Z,1972-06-28T00:00:00Z,,https://www.wikidata.org/wiki/Q1773,,https://www.wikidata.org/wiki/Q8441,https://www.wikidata.org/wiki/Q11789552,http://viaf.org/viaf/166443644,491,PL_BN_books,,,,,,,False
Lida P.,Lida,P.,,,,,,,,http://viaf.org/viaf/303749464,492,PL_BN_books,,,,,,,False
"Lipiński, Edward",Lipiński,Edward,1888-10-18T00:00:00Z,1986-07-13T00:00:00Z,https://www.wikidata.org/wiki/Q1227195,https://www.wikidata.org/wiki/Q1019505,https://www.wikidata.org/wiki/Q270,https://www.wikidata.org/wiki/Q8441,https://www.wikidata.org/wiki/Q3719986,http://viaf.org/viaf/7432193,493,CZ_books;CZ_articles;PL_BN_books,,,,,,,False
Lipiński Wacław,Lipiński,Wacław,1896-09-28T00:00:00Z,1949-01-01T00:00:00Z❦1949-04-04T00:00:00Z,https://www.wikidata.org/wiki/Q201788|https://www.wikidata.org/wiki/Q4002659,https://www.wikidata.org/wiki/Q580,https://www.wikidata.org/wiki/Q52900,https://www.wikidata.org/wiki/Q8441,https://www.wikidata.org/wiki/Q7958897,http://viaf.org/viaf/56650096,494,PL_BN_books,,,,,,,False
"Pawlak, Antoni",Pawlak,Antoni,1945-10-08T00:00:00Z,,https://www.wikidata.org/wiki/Q49757|https://www.wikidata.org/wiki/Q36180|https://www.wikidata.org/wiki/Q1028181,https://www.wikidata.org/wiki/Q31487,,https://www.wikidata.org/wiki/Q467,https://www.wikidata.org/wiki/Q452723,http://viaf.org/viaf/90721613,495,CZ_books;PL_BN_books,,,,,,,False
Lipski Jan Józef,Lipski,Jan Józef,1926-05-25T00:00:00Z,1991-09-10T00:00:00Z,https://www.wikidata.org/wiki/Q7886765|https://www.wikidata.org/wiki/Q82955|https://www.wikidata.org/wiki/Q36180|https://www.wikidata.org/wiki/Q4263842,https://www.wikidata.org/wiki/Q270,https://www.wikidata.org/wiki/Q31487,https://www.wikidata.org/wiki/Q8441,https://www.wikidata.org/wiki/Q443673,http://viaf.org/viaf/24623722,496,CZ_articles;PL_BN_books,,,,,,,False
Lipski Leo,Lipski,Leo,1917-07-10T00:00:00Z,1997-07-07T00:00:00Z,https://www.wikidata.org/wiki/Q49757,https://www.wikidata.org/wiki/Q72,https://www.wikidata.org/wiki/Q33935,https://www.wikidata.org/wiki/Q8441,https://www.wikidata.org/wiki/Q11754167,http://viaf.org/viaf/32166768,497,PL_BN_books,,,,,Lipschütz Leo,,False
Lis- Olszewski Witołd,Lis- Olszewski,Witołd,1905-10-08T00:00:00Z,1986-04-21T00:00:00Z,https://www.wikidata.org/wiki/Q380075,https://www.wikidata.org/wiki/Q36036,https://www.wikidata.org/wiki/Q270,https://www.wikidata.org/wiki/Q8441,https://www.wikidata.org/wiki/Q18913608,http://viaf.org/viaf/91620505,498,PL_BN_books,Leopolita Wojciech,,,,,,False
Listowski Cezary,Listowski,Cezary,,,,,,,,http://viaf.org/viaf/101818963,499,PL_BN_books,,,,,,,False
Friedman Rose D.,Friedman,Rose D.,1911-12-01T00:00:00Z,2009-08-18T00:00:00Z,https://www.wikidata.org/wiki/Q1227195|https://www.wikidata.org/wiki/Q36180,https://www.wikidata.org/wiki/Q1007758,https://www.wikidata.org/wiki/Q61,https://www.wikidata.org/wiki/Q467,https://www.wikidata.org/wiki/Q433201,http://viaf.org/viaf/100258510,5,PL_BN_books,,,,,Friedman Róża,,False
Giertych Maciej,Giertych,Maciej,1936-03-24T00:00:00Z,,https://www.wikidata.org/wiki/Q1231865|https://www.wikidata.org/wiki/Q15980158|https://www.wikidata.org/wiki/Q1622272|https://www.wikidata.org/wiki/Q82955|https://www.wikidata.org/wiki/Q2374149,https://www.wikidata.org/wiki/Q270,,https://www.wikidata.org/wiki/Q8441,https://www.wikidata.org/wiki/Q571803,http://viaf.org/viaf/52101332,50,PL_BN_books,,,,,,,False
Litvinov Pavel Michajlovič,Litvinov,Pavel Michajlovič,1940-07-06T00:00:00Z,,https://www.wikidata.org/wiki/Q2251335|https://www.wikidata.org/wiki/Q169470|https://www.wikidata.org/wiki/Q1476215,https://www.wikidata.org/wiki/Q649,,https://www.wikidata.org/wiki/Q8441,https://www.wikidata.org/wiki/Q4263645,http://viaf.org/viaf/114521200,500,PL_BN_books,,,,,Litwinow Paweł,,False
Ł,,,1948-05-21T00:00:00Z,,https://www.wikidata.org/wiki/Q4263842,https://www.wikidata.org/wiki/Q270,,https://www.wikidata.org/wiki/Q467,https://www.wikidata.org/wiki/Q11772426,http://viaf.org/viaf/10507085,501390,PL_BN_books,Szafranek Anna,,,,,,False
W,,,,,,,,,,http://viaf.org/viaf/101766843,501594,PL_BN_books,Jasiński Andrzej,,,,,,False
Mietkowski Andrzej,Mietkowski,Andrzej,,,,,,,,http://viaf.org/viaf/101831516,501744,PL_BN_books,Mietkowski Andrzej,,,,,,False
K,,,1929-01-22T00:00:00Z,2018-04-11T00:00:00Z,,https://www.wikidata.org/wiki/Q105060,https://www.wikidata.org/wiki/Q588,https://www.wikidata.org/wiki/Q8441,https://www.wikidata.org/wiki/Q48843550,http://viaf.org/viaf/225151778198618130007,501918,PL_BN_books,KA-ZET,,,,,,False
D,,,1951-01-01T00:00:00Z,,https://www.wikidata.org/wiki/Q4964182,,,https://www.wikidata.org/wiki/Q8441,https://www.wikidata.org/wiki/Q11814026,http://viaf.org/viaf/101868249,502090,PL_BN_books,Egel Piotr,,,,,,False
A,,,1959-01-01T00:00:00Z,,https://www.wikidata.org/wiki/Q49757,,,https://www.wikidata.org/wiki/Q8441,https://www.wikidata.org/wiki/Q9152503,http://viaf.org/viaf/85372221,502091,PL_BN_books,Wander Michał,,,,,,False
T,,,1952-07-28T00:00:00Z,2021-09-19T00:00:00Z,https://www.wikidata.org/wiki/Q1930187|https://www.wikidata.org/wiki/Q201788|https://www.wikidata.org/wiki/Q47796473|https://www.wikidata.org/wiki/Q1238570,https://www.wikidata.org/wiki/Q580,https://www.wikidata.org/wiki/Q270,https://www.wikidata.org/wiki/Q8441,https://www.wikidata.org/wiki/Q11725546,http://viaf.org/viaf/80629126,502204,PL_BN_books,Darski Józef|Józef Darski,,,,,,False
S,,,1895-10-12T00:00:00Z,1986-11-13T00:00:00Z,https://www.wikidata.org/wiki/Q4002659,https://www.wikidata.org/wiki/Q270,https://www.wikidata.org/wiki/Q1799,https://www.wikidata.org/wiki/Q8441,https://www.wikidata.org/wiki/Q11719041,http://viaf.org/viaf/50033037,502265,PL_BN_books,Falęcki Jan,,,,,,False
Loga Jerzy,Loga,Jerzy,,,,,,,,http://viaf.org/viaf/165398090,503,PL_BN_books,,,,,,,False
Lomax Bill,Lomax,Bill,,,,,,,,http://viaf.org/viaf/93271609,504,PL_BN_books,,,,,,,False
London Artur,London,Artur,1915-02-01T00:00:00Z,1986-11-07T00:00:00Z❦1986-11-08T00:00:00Z,https://www.wikidata.org/wiki/Q82955|https://www.wikidata.org/wiki/Q36180,https://www.wikidata.org/wiki/Q8385,https://www.wikidata.org/wiki/Q90,https://www.wikidata.org/wiki/Q8441,https://www.wikidata.org/wiki/Q537234,http://viaf.org/viaf/5664073,506,PL_BezCenzury_books;PL_BN_books,,,,,,,False
Luttwak Edward N.,Luttwak,Edward N.,1942-11-04T00:00:00Z,,https://www.wikidata.org/wiki/Q1227195|https://www.wikidata.org/wiki/Q16947320|https://www.wikidata.org/wiki/Q201788|https://www.wikidata.org/wiki/Q36180,https://www.wikidata.org/wiki/Q173591,,https://www.wikidata.org/wiki/Q8441,https://www.wikidata.org/wiki/Q2657585,http://viaf.org/viaf/29509801,509,PL_BN_books,,,,,,,False
Gilder George F.,Gilder,George F.,1939-11-29T00:00:00Z,,https://www.wikidata.org/wiki/Q1227195|https://www.wikidata.org/wiki/Q4964182|https://www.wikidata.org/wiki/Q36180,https://www.wikidata.org/wiki/Q60,,https://www.wikidata.org/wiki/Q8441,https://www.wikidata.org/wiki/Q3760499,http://viaf.org/viaf/120149415,51,PL_BN_books,,,,,Gilder Jerzy,,False
Łapa Zenon,Łapa,Zenon,,,,,,,,http://viaf.org/viaf/302318103,511,PL_BN_books,,,,,,,False
Łapiński Zdzisław,Łapiński,Zdzisław,1930-11-30T00:00:00Z,,https://www.wikidata.org/wiki/Q4263842,,,https://www.wikidata.org/wiki/Q8441,https://www.wikidata.org/wiki/Q9389921,http://viaf.org/viaf/101873829,512,PL_BN_books,,,,,,,False
Łaski Stanisław,Łaski,Stanisław,1867-03-21T00:00:00Z,1928-10-01T00:00:00Z,https://www.wikidata.org/wiki/Q1792450|https://www.wikidata.org/wiki/Q42973|https://www.wikidata.org/wiki/Q1028181,https://www.wikidata.org/wiki/Q682046,https://www.wikidata.org/wiki/Q270,https://www.wikidata.org/wiki/Q8441,https://www.wikidata.org/wiki/Q972823,http://viaf.org/viaf/20482581,513,PL_BN_books,,,,,,,False
Łatyński Marek,Łatyński,Marek,1930-01-01T00:00:00Z❦1930-03-22T00:00:00Z,2003-12-29T00:00:00Z,https://www.wikidata.org/wiki/Q1930187,https://www.wikidata.org/wiki/Q270,,https://www.wikidata.org/wiki/Q8441,https://www.wikidata.org/wiki/Q11768627,http://viaf.org/viaf/61667538,515,PL_BN_books,,,,,,,False
Łepkowski Tadeusz,Łepkowski,Tadeusz,1927-01-21T00:00:00Z,1989-12-16T00:00:00Z,https://www.wikidata.org/wiki/Q201788,https://www.wikidata.org/wiki/Q216,https://www.wikidata.org/wiki/Q270,https://www.wikidata.org/wiki/Q8441,https://www.wikidata.org/wiki/Q9355088,http://viaf.org/viaf/68969183,516,PL_BN_books,,,,,,,False
Łojek Jerzy,Łojek,Jerzy,1932-09-03T00:00:00Z,1986-10-07T00:00:00Z,https://www.wikidata.org/wiki/Q201788|https://www.wikidata.org/wiki/Q50359779|https://www.wikidata.org/wiki/Q36180|https://www.wikidata.org/wiki/Q6051619|https://www.wikidata.org/wiki/Q9379869,https://www.wikidata.org/wiki/Q270,https://www.wikidata.org/wiki/Q270,https://www.wikidata.org/wiki/Q8441,https://www.wikidata.org/wiki/Q6185608,http://viaf.org/viaf/17236089,517,PL_BN_books,Jeżewski|Jałowiecki Antoni|Jerzewski Leopold|Jerzewski Leopold L. J.|Jodko Łukasz|Łojek Jerzy,,,,Jeżewski Leopold,,False
Bienek Horst,Bienek,Horst,1930-05-07T00:00:00Z,1990-12-07T00:00:00Z,https://www.wikidata.org/wiki/Q487596|https://www.wikidata.org/wiki/Q6625963|https://www.wikidata.org/wiki/Q49757|https://www.wikidata.org/wiki/Q2526255,https://www.wikidata.org/wiki/Q105084,https://www.wikidata.org/wiki/Q1726,https://www.wikidata.org/wiki/Q8441,https://www.wikidata.org/wiki/Q77208,http://viaf.org/viaf/110233031,518,PL_BN_books,,,,,,,False
Łopieńska Barbara N.,Łopieńska,Barbara N.,1949-01-01T00:00:00Z,2004-01-12T00:00:00Z,,,,https://www.wikidata.org/wiki/Q467,https://www.wikidata.org/wiki/Q9165685,http://viaf.org/viaf/39529626,519,PL_BN_books,,,,,,,False
Ginzburg Evgenija Semenovna,Ginzburg,Evgenija Semenovna,1904-12-20T00:00:00Z,1977-05-25T00:00:00Z,https://www.wikidata.org/wiki/Q1930187|https://www.wikidata.org/wiki/Q36180,https://www.wikidata.org/wiki/Q649,https://www.wikidata.org/wiki/Q649,https://www.wikidata.org/wiki/Q467,https://www.wikidata.org/wiki/Q242834,http://viaf.org/viaf/32112735,52,PL_BN_books,,,,,Ginzburg Eugenia,,False
Szymańska Ewa,Szymańska,Ewa,,,,,,,,http://viaf.org/viaf/91602910,520,PL_BN_books,,,,,,,False
Łopiński Maciej,Łopiński,Maciej,1947-08-19T00:00:00Z,,https://www.wikidata.org/wiki/Q7886765|https://www.wikidata.org/wiki/Q82955,https://www.wikidata.org/wiki/Q1792,,https://www.wikidata.org/wiki/Q8441,https://www.wikidata.org/wiki/Q11267906,http://viaf.org/viaf/100610,521,PL_BN_books,,,,,,,False
Gach Zbigniew,Gach,Zbigniew,1952-12-01T00:00:00Z,2012-02-26T00:00:00Z,https://www.wikidata.org/wiki/Q1930187,https://www.wikidata.org/wiki/Q1792,https://www.wikidata.org/wiki/Q1792,https://www.wikidata.org/wiki/Q8441,https://www.wikidata.org/wiki/Q9387882,http://viaf.org/viaf/14861945,522,PL_BN_books,Moskit Marcin,,,,,,False
Wilk Mariusz,Wilk,Mariusz,1955-01-19T00:00:00Z,,https://www.wikidata.org/wiki/Q1930187|https://www.wikidata.org/wiki/Q36180,https://www.wikidata.org/wiki/Q1799,,https://www.wikidata.org/wiki/Q8441,https://www.wikidata.org/wiki/Q1899516,http://viaf.org/viaf/101909145,523,PL_BN_books,,,,,,,False
Bieniasz Stanisław,Bieniasz,Stanisław,1950-05-08T00:00:00Z,2001-02-11T00:00:00Z,,,,https://www.wikidata.org/wiki/Q8441,https://www.wikidata.org/wiki/Q9341613,http://viaf.org/viaf/12717913,524,PL_BN_books,,,,,,,False
Bieńkowski Władysław,Bieńkowski,Władysław,1906-03-17T00:00:00Z,1991-04-15T00:00:00Z,https://www.wikidata.org/wiki/Q82955|https://www.wikidata.org/wiki/Q6051619|https://www.wikidata.org/wiki/Q2306091,https://www.wikidata.org/wiki/Q580,https://www.wikidata.org/wiki/Q270,https://www.wikidata.org/wiki/Q8441,https://www.wikidata.org/wiki/Q9381704,http://viaf.org/viaf/94348090,526,PL_BN_books,,,,,,,False
Bortoli Georges,Bortoli,Georges,1923-06-28T00:00:00Z,2010-07-13T00:00:00Z,https://www.wikidata.org/wiki/Q1930187,https://www.wikidata.org/wiki/Q7903,https://www.wikidata.org/wiki/Q234735,https://www.wikidata.org/wiki/Q8441,https://www.wikidata.org/wiki/Q677868,http://viaf.org/viaf/49222024,527,PL_BN_books,,,,,,,False
Łoś Leon,Łoś,Leon,,,,,,,,http://viaf.org/viaf/198304379,528,PL_BN_books,Agrest Leon,,,,,,False
Łoś Stefan,Łoś,Stefan,1901-07-19T00:00:00Z,1955-03-09T00:00:00Z,https://www.wikidata.org/wiki/Q36180,,https://www.wikidata.org/wiki/Q1799,https://www.wikidata.org/wiki/Q8441,https://www.wikidata.org/wiki/Q9345483,http://viaf.org/viaf/162425042,529,PL_BN_books,,,,,,,False
Łożeński Michał,Łożeński,Michał,,,,,,,,http://viaf.org/viaf/102001195,530,PL_BN_books,,,,,,,False
Łódzki Wacław,Łódzki,Wacław,,,,,,,,http://viaf.org/viaf/302610071,531,PL_BN_books,,,,,,,False
Łubieński Tomasz,Łubieński,Tomasz,1938-04-18T00:00:00Z,,https://www.wikidata.org/wiki/Q1930187|https://www.wikidata.org/wiki/Q36180,https://www.wikidata.org/wiki/Q270,,https://www.wikidata.org/wiki/Q8441,https://www.wikidata.org/wiki/Q3530993,http://viaf.org/viaf/23530150,532,PL_BN_books,,,,,,,False
Łupina Zygmunt,Łupina,Zygmunt,1929-05-02T00:00:00Z,2017-10-05T00:00:00Z,https://www.wikidata.org/wiki/Q82955,https://www.wikidata.org/wiki/Q7075355,https://www.wikidata.org/wiki/Q37333,https://www.wikidata.org/wiki/Q8441,https://www.wikidata.org/wiki/Q9393211,http://viaf.org/viaf/166603458,536,PL_BN_books,Autor Jan,,,,,,False
Łużyczański Władysław,Łużyczański,Władysław,,,,,,,,http://viaf.org/viaf/302200587,538,PL_BN_books,,,,,,,False
Machej Zbigniew,Machej,Zbigniew,1958-08-17T00:00:00Z,,https://www.wikidata.org/wiki/Q49757,https://www.wikidata.org/wiki/Q321197,,https://www.wikidata.org/wiki/Q8441,https://www.wikidata.org/wiki/Q9388118,http://viaf.org/viaf/85420414,539,PL_BN_books,,,,,,,False
Glemp Józef,Glemp,Józef,1929-12-18T00:00:00Z,2013-01-23T00:00:00Z,https://www.wikidata.org/wiki/Q250867|https://www.wikidata.org/wiki/Q1622272,https://www.wikidata.org/wiki/Q378821,https://www.wikidata.org/wiki/Q270,https://www.wikidata.org/wiki/Q8441,https://www.wikidata.org/wiki/Q365238,http://viaf.org/viaf/57424514,54,CZ_books;CZ_articles;PL_BN_books,,,,,,,False
Machowska Jadwiga,Machowska,Jadwiga,,,,,,,,http://viaf.org/viaf/333161392905158480009,540,PL_BN_books,,,,,,,False
Maciejewski Jarosław,Maciejewski,Jarosław,1924-12-23T00:00:00Z,1987-10-28T00:00:00Z,https://www.wikidata.org/wiki/Q201788,https://www.wikidata.org/wiki/Q268,https://www.wikidata.org/wiki/Q268,https://www.wikidata.org/wiki/Q8441,https://www.wikidata.org/wiki/Q21497289,http://viaf.org/viaf/56638865,541,PL_BN_books,,,,,,,False
Trojanowicz Zofia,Trojanowicz,Zofia,1936-10-01T00:00:00Z,2015-11-17T00:00:00Z,https://www.wikidata.org/wiki/Q201788,https://www.wikidata.org/wiki/Q268,,https://www.wikidata.org/wiki/Q467,https://www.wikidata.org/wiki/Q22114998,http://viaf.org/viaf/79098429,542,PL_BN_books,,,,,Trojanowiczowa Zofia,,False
Mackiewicz Józef,Mackiewicz,Józef,1902-04-01T00:00:00Z,1985-01-31T00:00:00Z,https://www.wikidata.org/wiki/Q1930187|https://www.wikidata.org/wiki/Q36180|https://www.wikidata.org/wiki/Q15980158,https://www.wikidata.org/wiki/Q656,https://www.wikidata.org/wiki/Q1726,https://www.wikidata.org/wiki/Q8441,https://www.wikidata.org/wiki/Q2427659,http://viaf.org/viaf/9970141,543,CZ_articles;PL_BN_books,,,,,,,False
Anders Władysław,Anders,Władysław,1892-08-11T00:00:00Z,1970-05-12T00:00:00Z,https://www.wikidata.org/wiki/Q82955|https://www.wikidata.org/wiki/Q4002659,https://www.wikidata.org/wiki/Q608376,https://www.wikidata.org/wiki/Q84,https://www.wikidata.org/wiki/Q8441,https://www.wikidata.org/wiki/Q165544,http://viaf.org/viaf/69726720,544,CZ_books;PL_BN_books,,,,,,,False
Toporska Barbara,Toporska,Barbara,1913-08-23T00:00:00Z,1985-06-20T00:00:00Z,https://www.wikidata.org/wiki/Q36180|https://www.wikidata.org/wiki/Q6051619|https://www.wikidata.org/wiki/Q20179720,https://www.wikidata.org/wiki/Q270,https://www.wikidata.org/wiki/Q524660,https://www.wikidata.org/wiki/Q467,https://www.wikidata.org/wiki/Q9165628,http://viaf.org/viaf/57026543,545,PL_BN_books,,,,['Mackiewiczowa Barbara'],Mackiewicz      Barbara,,False
Bierezin Jacek,Bierezin,Jacek,1947-03-13T00:00:00Z,1993-05-26T00:00:00Z,https://www.wikidata.org/wiki/Q49757|https://www.wikidata.org/wiki/Q36180,https://www.wikidata.org/wiki/Q580,https://www.wikidata.org/wiki/Q90,https://www.wikidata.org/wiki/Q8441,https://www.wikidata.org/wiki/Q11715204,http://viaf.org/viaf/79020528,546,CZ_books;CZ_articles;PL_BN_books,,,,,,,False
MacLean Alistair,MacLean,Alistair,1922-04-21T00:00:00Z,1987-02-02T00:00:00Z,https://www.wikidata.org/wiki/Q2251335|https://www.wikidata.org/wiki/Q864380|https://www.wikidata.org/wiki/Q36180|https://www.wikidata.org/wiki/Q28389,https://www.wikidata.org/wiki/Q7495680,https://www.wikidata.org/wiki/Q1726,https://www.wikidata.org/wiki/Q8441,https://www.wikidata.org/wiki/Q333713,http://viaf.org/viaf/109175102,548,PL_BN_books,Ian Stuart,,,,,,False
Madej Bogdan,Madej,Bogdan,1934-11-28T00:00:00Z,2002-10-03T00:00:00Z,,,,https://www.wikidata.org/wiki/Q8441,https://www.wikidata.org/wiki/Q9175233,http://viaf.org/viaf/79124431,549,PL_BN_books,,,,,,,False
"Pawlak, Antoni",Pawlak,Antoni,1953-11-19T00:00:00Z❦1953-09-19T00:00:00Z,,https://www.wikidata.org/wiki/Q33999|https://www.wikidata.org/wiki/Q4263842|https://www.wikidata.org/wiki/Q49757|https://www.wikidata.org/wiki/Q36180|https://www.wikidata.org/wiki/Q1622272|https://www.wikidata.org/wiki/Q28389|https://www.wikidata.org/wiki/Q333634,https://www.wikidata.org/wiki/Q580,,https://www.wikidata.org/wiki/Q8441,https://www.wikidata.org/wiki/Q4274672,http://viaf.org/viaf/84131627,550,CZ_books;PL_BN_books,,,,,,,False
"Majchrowski, Jacek Maria",Majchrowski,Jacek Maria,1947-01-13T00:00:00Z,,https://www.wikidata.org/wiki/Q2251335|https://www.wikidata.org/wiki/Q82955|https://www.wikidata.org/wiki/Q201788,https://www.wikidata.org/wiki/Q105060,,https://www.wikidata.org/wiki/Q8441,https://www.wikidata.org/wiki/Q179502,http://viaf.org/viaf/64025270,551,CZ_books;PL_BN_books,,,,,,,False
Maksimov Grigorij Petrovič,Maksimov,Grigorij Petrovič,1893-11-10T00:00:00Z,1950-03-16T00:00:00Z,https://www.wikidata.org/wiki/Q7886765|https://www.wikidata.org/wiki/Q1930187|https://www.wikidata.org/wiki/Q1781198,https://www.wikidata.org/wiki/Q4297002,https://www.wikidata.org/wiki/Q1297,https://www.wikidata.org/wiki/Q8441,https://www.wikidata.org/wiki/Q2657871,http://viaf.org/viaf/305408565,553,PL_BN_books,,,,,Maksimow Gieorgij Piotrowicz,,False
Maksimov Vladimir Emel'janovič,Maksimov,Vladimir Emel'janovič,1930-11-27T00:00:00Z,1995-03-26T00:00:00Z,https://www.wikidata.org/wiki/Q36180|https://www.wikidata.org/wiki/Q876864|https://www.wikidata.org/wiki/Q6051619|https://www.wikidata.org/wiki/Q482980,https://www.wikidata.org/wiki/Q649,https://www.wikidata.org/wiki/Q90,https://www.wikidata.org/wiki/Q8441,https://www.wikidata.org/wiki/Q166563,http://viaf.org/viaf/111514258,554,PL_BN_books,,,,,Maksimow Władimir|Maksimow Włodzimierz,,False
Makuszyński Kornel,Makuszyński,Kornel,1884-01-08T00:00:00Z,1953-07-31T00:00:00Z,https://www.wikidata.org/wiki/Q4853732|https://www.wikidata.org/wiki/Q49757|https://www.wikidata.org/wiki/Q36180,https://www.wikidata.org/wiki/Q158923,https://www.wikidata.org/wiki/Q144786,https://www.wikidata.org/wiki/Q8441,https://www.wikidata.org/wiki/Q1028469,http://viaf.org/viaf/24615563,556,PL_BN_books,,,,,,,False
Malanowski Andrzej,Malanowski,Andrzej,1940-10-04T00:00:00Z,2010-07-25T00:00:00Z,https://www.wikidata.org/wiki/Q185351,https://www.wikidata.org/wiki/Q983868,,https://www.wikidata.org/wiki/Q8441,https://www.wikidata.org/wiki/Q19522052,http://viaf.org/viaf/28590392,557,PL_BN_books,Torf Andrzej,,,,,,False
Malia Martin,Malia,Martin,1924-03-14T00:00:00Z,2004-11-19T00:00:00Z,https://www.wikidata.org/wiki/Q201788,https://www.wikidata.org/wiki/Q49158,https://www.wikidata.org/wiki/Q17042,https://www.wikidata.org/wiki/Q8441,https://www.wikidata.org/wiki/Q2985149,http://viaf.org/viaf/90711921,559,PL_BN_books,,,,,,,False
Malinowski Jerzy Cezary,Malinowski,Jerzy Cezary,,,,,,,,http://viaf.org/viaf/21733029,560,PL_BN_books,,,,,,,False
Maliszewski Wiesław,Maliszewski,Wiesław,,,,,,,,http://viaf.org/viaf/166372592,561,PL_BN_books,,,,,,,False
Malkiewiczowa Jadwiga,Malkiewiczowa,Jadwiga,,,,,,,,http://viaf.org/viaf/166547116,562,PL_BN_books,,,,,,,False
Małaczewski Eugeniusz,Małaczewski,Eugeniusz,1895-01-01T00:00:00Z,1922-04-19T00:00:00Z,https://www.wikidata.org/wiki/Q49757,https://www.wikidata.org/wiki/Q4220011,https://www.wikidata.org/wiki/Q144786,https://www.wikidata.org/wiki/Q8441,https://www.wikidata.org/wiki/Q9255988,http://viaf.org/viaf/57028232,563,PL_BN_books,,,,,Malaczewski Eugeniusz,,False
Bierman John,Bierman,John,1929-01-26T00:00:00Z,2006-01-04T00:00:00Z,https://www.wikidata.org/wiki/Q36180|https://www.wikidata.org/wiki/Q1930187|https://www.wikidata.org/wiki/Q482980,https://www.wikidata.org/wiki/Q84,https://www.wikidata.org/wiki/Q180918,https://www.wikidata.org/wiki/Q8441,https://www.wikidata.org/wiki/Q1699332,http://viaf.org/viaf/102201674,564,PL_BN_books,,,,,,,False
Mandel'štam Nadežda Jakovlevna,Mandel'štam,Nadežda Jakovlevna,1899-10-30T00:00:00Z,1980-12-29T00:00:00Z,https://www.wikidata.org/wiki/Q18814623|https://www.wikidata.org/wiki/Q864380|https://www.wikidata.org/wiki/Q49757|https://www.wikidata.org/wiki/Q36180,https://www.wikidata.org/wiki/Q5332,https://www.wikidata.org/wiki/Q649,https://www.wikidata.org/wiki/Q467,https://www.wikidata.org/wiki/Q234765,http://viaf.org/viaf/14318,566,PL_BN_books,,,,,Mandelsztam Nadieżda,,False
Mandel'štam Osip Emil'evič,Mandel'štam,Osip Emil'evič,1891-01-14T00:00:00Z,1938-12-27T00:00:00Z,https://www.wikidata.org/wiki/Q4263842|https://www.wikidata.org/wiki/Q49757|https://www.wikidata.org/wiki/Q36180|https://www.wikidata.org/wiki/Q333634|https://www.wikidata.org/wiki/Q11774202,https://www.wikidata.org/wiki/Q270,https://www.wikidata.org/wiki/Q959,https://www.wikidata.org/wiki/Q8441,https://www.wikidata.org/wiki/Q189950,http://viaf.org/viaf/102337271,567,CZ_books;PL_BN_books,,,,,Mandelsztam Osip,,False
Bińkowski Krzysztof Antoni,Bińkowski,Krzysztof Antoni,,,,,,,,http://viaf.org/viaf/302114469,568,PL_BN_books,,,,,,,False
Gładkowski Romuald,Gładkowski,Romuald,,,,,,,,http://viaf.org/viaf/101833778,57,PL_BN_books,,,,,,,False
Marcickiewicz Jerzy,Marcickiewicz,Jerzy,,,,,,,,http://viaf.org/viaf/20091832,570,PL_BN_books,,,,,,,False
Marczewski Jan,Marczewski,Jan,1908-05-27T00:00:00Z,1990-06-08T00:00:00Z,https://www.wikidata.org/wiki/Q1227195|https://www.wikidata.org/wiki/Q193391|https://www.wikidata.org/wiki/Q25339110,https://www.wikidata.org/wiki/Q270,https://www.wikidata.org/wiki/Q172455,https://www.wikidata.org/wiki/Q8441,https://www.wikidata.org/wiki/Q3173381,http://viaf.org/viaf/24668154,571,PL_BN_books,,,,,,,False
Marek Bogdan,Marek,Bogdan,,,,,,,,http://viaf.org/viaf/302626378,572,PL_BN_books,,,,,,,False
Marek Krystyna,Marek,Krystyna,1914-10-11T00:00:00Z,1993-03-30T00:00:00Z,https://www.wikidata.org/wiki/Q1622272,https://www.wikidata.org/wiki/Q31487,https://www.wikidata.org/wiki/Q70,https://www.wikidata.org/wiki/Q467,https://www.wikidata.org/wiki/Q11748737,http://viaf.org/viaf/246385552,573,PL_BN_books,,,,,,,False
Bryłowski Jan,Bryłowski,Jan,,,,,,,,,574,PL_BN_books,Biński Jan Al[l].|Biński Jan Al[L].,,,,,,False
Maritain Jacques,Maritain,Jacques,1882-11-18T00:00:00Z,1973-04-28T00:00:00Z,https://www.wikidata.org/wiki/Q4964182|https://www.wikidata.org/wiki/Q193391|https://www.wikidata.org/wiki/Q36180|https://www.wikidata.org/wiki/Q1231865,https://www.wikidata.org/wiki/Q90,https://www.wikidata.org/wiki/Q7880,https://www.wikidata.org/wiki/Q8441,https://www.wikidata.org/wiki/Q45723,http://viaf.org/viaf/7393855,575,CZ_articles;PL_BN_books,,,,,,,False
Markowa Anna,Markowa,Anna,1932-01-08T00:00:00Z,2008-08-18T00:00:00Z,https://www.wikidata.org/wiki/Q82955,https://www.wikidata.org/wiki/Q37333,,https://www.wikidata.org/wiki/Q467,https://www.wikidata.org/wiki/Q9155455,http://viaf.org/viaf/237551722,579,PL_BN_books,,,,,,,False
Głąbiński Stanisław,Głąbiński,Stanisław,1862-01-25T00:00:00Z❦1862-02-25T00:00:00Z,1941-08-14T00:00:00Z,https://www.wikidata.org/wiki/Q1622272|https://www.wikidata.org/wiki/Q82955|https://www.wikidata.org/wiki/Q1227195|https://www.wikidata.org/wiki/Q185351,https://www.wikidata.org/wiki/Q913962,https://www.wikidata.org/wiki/Q42308,https://www.wikidata.org/wiki/Q8441,https://www.wikidata.org/wiki/Q556398,http://viaf.org/viaf/84571851,58,PL_BN_books,,,,,,,False
Markowski Wojciech Tomasz,Markowski,Wojciech Tomasz,,,,,,,,http://viaf.org/viaf/55661755,581,PL_BN_books,,,,,,,False
Markowski Zbigniew,Markowski,Zbigniew,,,,,,,,http://viaf.org/viaf/162653623,582,CZ_articles;PL_BN_books,,,,,,,False
Martowa Ida,Martowa,Ida,,,,,,,,http://viaf.org/viaf/311120793,583,PL_BN_books,,,,,,,False
Marucha- Poleski Józef,Marucha- Poleski,Józef,,,,,,,,http://viaf.org/viaf/311123784,584,PL_BN_books,,,,,,,False
Bittman Ladislav,Bittman,Ladislav,1931-01-12T00:00:00Z,2018-09-18T00:00:00Z,https://www.wikidata.org/wiki/Q9352089|https://www.wikidata.org/wiki/Q4002659,https://www.wikidata.org/wiki/Q1085,https://www.wikidata.org/wiki/Q2079395,https://www.wikidata.org/wiki/Q8441,https://www.wikidata.org/wiki/Q1799999,http://viaf.org/viaf/86790994,585,PL_BN_books,,,,,,,False
Blachnicki Franciszek,Blachnicki,Franciszek,1921-03-24T00:00:00Z,1987-02-27T00:00:00Z,https://www.wikidata.org/wiki/Q23035816,https://www.wikidata.org/wiki/Q107094,https://www.wikidata.org/wiki/Q521626,https://www.wikidata.org/wiki/Q8441,https://www.wikidata.org/wiki/Q3751079,http://viaf.org/viaf/30405085,586,CZ_articles;PL_BN_books,,,,,Błachnicki Franciszek,,False
Marynowicz Krzysztof,Marynowicz,Krzysztof,,,,,,,,http://viaf.org/viaf/311120813,587,PL_BN_books,,,,,,,False
Masaryk Tomáš Garrigue,Masaryk,Tomáš Garrigue,1850-03-07T00:00:00Z,1937-09-14T00:00:00Z,https://www.wikidata.org/wiki/Q1930187|https://www.wikidata.org/wiki/Q1231865|https://www.wikidata.org/wiki/Q2251335|https://www.wikidata.org/wiki/Q4964182|https://www.wikidata.org/wiki/Q36180|https://www.wikidata.org/wiki/Q2306091|https://www.wikidata.org/wiki/Q1622272|https://www.wikidata.org/wiki/Q82955,https://www.wikidata.org/wiki/Q321778,https://www.wikidata.org/wiki/Q3508708,https://www.wikidata.org/wiki/Q8441,https://www.wikidata.org/wiki/Q78492,http://viaf.org/viaf/56651696,588,PL_BezCenzury_books;PL_BN_books,,,,,,,False
Maski Amos,Maski,Amos,,,,,,,,http://viaf.org/viaf/303301432,589,PL_BN_books,,,,,,,False
"Matjanowska, Maria",Matjanowska,Maria,,,,,,,,http://viaf.org/viaf/302802268,590,CZ_articles;PL_BN_books,,,,,,,False
Matys Artur,Matys,Artur,,,,,,,,http://viaf.org/viaf/311403606,591,PL_BN_books,,,,,,,False
Mayer Hans,Mayer,Hans,1907-03-19T00:00:00Z,2001-05-19T00:00:00Z,https://www.wikidata.org/wiki/Q1930187|https://www.wikidata.org/wiki/Q4263842|https://www.wikidata.org/wiki/Q2251335|https://www.wikidata.org/wiki/Q36180|https://www.wikidata.org/wiki/Q1622272|https://www.wikidata.org/wiki/Q13570226|https://www.wikidata.org/wiki/Q14915627|https://www.wikidata.org/wiki/Q49757,https://www.wikidata.org/wiki/Q365,https://www.wikidata.org/wiki/Q3806,https://www.wikidata.org/wiki/Q8441,https://www.wikidata.org/wiki/Q70737,http://viaf.org/viaf/73857245,592,PL_BN_books,,,,,,,False
Maziarski Jacek,Maziarski,Jacek,1937-01-20T00:00:00Z,2009-05-27T00:00:00Z,https://www.wikidata.org/wiki/Q82955|https://www.wikidata.org/wiki/Q1930187,https://www.wikidata.org/wiki/Q45197,https://www.wikidata.org/wiki/Q422177,https://www.wikidata.org/wiki/Q8441,https://www.wikidata.org/wiki/Q11715439,http://viaf.org/viaf/101976558,593,PL_BN_books,,,,,,,False
Maziarski Wojciech,Maziarski,Wojciech,1960-01-24T00:00:00Z,,https://www.wikidata.org/wiki/Q1930187|https://www.wikidata.org/wiki/Q36180,https://www.wikidata.org/wiki/Q104302,,https://www.wikidata.org/wiki/Q8441,https://www.wikidata.org/wiki/Q9376682,http://viaf.org/viaf/301812716,594,PL_BezCenzury_articles;PL_BN_books,Szukalski Wiesław|Bielski Kazimierz,,,,,,False
Kopczyński Krzysztof,Kopczyński,Krzysztof,1959-05-21T00:00:00Z,,https://www.wikidata.org/wiki/Q36180|https://www.wikidata.org/wiki/Q1235146|https://www.wikidata.org/wiki/Q3282637|https://www.wikidata.org/wiki/Q2526255,https://www.wikidata.org/wiki/Q270,,https://www.wikidata.org/wiki/Q8441,https://www.wikidata.org/wiki/Q6440164,http://viaf.org/viaf/76378952,596,CZ_articles;PL_BN_books,Kopczyński Krzysztof|Mirecki Andrzej|Piwnicki Konrad,,,,,,False
Mazowiecki Tadeusz,Mazowiecki,Tadeusz,1927-04-18T00:00:00Z,2013-10-28T00:00:00Z,https://www.wikidata.org/wiki/Q7886765|https://www.wikidata.org/wiki/Q82955|https://www.wikidata.org/wiki/Q1930187|https://www.wikidata.org/wiki/Q36180,https://www.wikidata.org/wiki/Q104725,https://www.wikidata.org/wiki/Q270,https://www.wikidata.org/wiki/Q8441,https://www.wikidata.org/wiki/Q55922,http://viaf.org/viaf/27081552,597,PL_BN_books,,,,,,,False
Żychiewicz Tadeusz,Żychiewicz,Tadeusz,1922-01-12T00:00:00Z,1994-11-11T00:00:00Z,https://www.wikidata.org/wiki/Q1930187|https://www.wikidata.org/wiki/Q1792450,https://www.wikidata.org/wiki/Q849093,https://www.wikidata.org/wiki/Q31487,https://www.wikidata.org/wiki/Q8441,https://www.wikidata.org/wiki/Q7674557,http://viaf.org/viaf/60282291,599,CZ_books;PL_BN_books,,,,,,,False
Babiński Stanisław,Babiński,Stanisław,,,,,,,,http://viaf.org/viaf/73699455,6,PL_BN_books,,,,,,,False
Głowacki Andrzej,Głowacki,Andrzej,,,,,,,,http://viaf.org/viaf/34861902,60,PL_BN_books,,,,,,,False
Mazur Bogusław,Mazur,Bogusław,,,,,,,,http://viaf.org/viaf/166514180,600,PL_BN_books,,,,,,,False
Mazurek Maciej,Mazurek,Maciej,1963-01-01T00:00:00Z,,https://www.wikidata.org/wiki/Q49757|https://www.wikidata.org/wiki/Q4263842,,,https://www.wikidata.org/wiki/Q8441,https://www.wikidata.org/wiki/Q30230771,http://viaf.org/viaf/51131802,601,PL_BN_books,,,,,,,False
Mazurkiewicz Andrzej Tadeusz,Mazurkiewicz,Andrzej Tadeusz,1963-05-11T00:00:00Z,2008-03-21T00:00:00Z,https://www.wikidata.org/wiki/Q82955|https://www.wikidata.org/wiki/Q18844224,https://www.wikidata.org/wiki/Q721928,https://www.wikidata.org/wiki/Q270,https://www.wikidata.org/wiki/Q8441,https://www.wikidata.org/wiki/Q9153771,http://viaf.org/viaf/166779566,602,PL_BN_books,,,,,,,False
"Mażewski, Lech",Mażewski,Lech,1955-02-15T00:00:00Z,,https://www.wikidata.org/wiki/Q82955,https://www.wikidata.org/wiki/Q92689,,https://www.wikidata.org/wiki/Q8441,https://www.wikidata.org/wiki/Q11753507,http://viaf.org/viaf/59506383,603,CZ_articles;PL_BN_books,,,,,,,False
Medvedev Roj Aleksandrovič,Medvedev,Roj Aleksandrovič,1925-11-14T00:00:00Z,,https://www.wikidata.org/wiki/Q201788|https://www.wikidata.org/wiki/Q1231865|https://www.wikidata.org/wiki/Q36180|https://www.wikidata.org/wiki/Q2306091|https://www.wikidata.org/wiki/Q82955|https://www.wikidata.org/wiki/Q864380,https://www.wikidata.org/wiki/Q994,,https://www.wikidata.org/wiki/Q8441,https://www.wikidata.org/wiki/Q729983,http://viaf.org/viaf/108262194,605,PL_BN_books,,,,,Miedwiediew Roj,,False
Meyer Bonawentura,Meyer,Bonawentura,,,,,,,,http://viaf.org/viaf/296438782,607,PL_BN_books,,,,,,,False
Meysztowicz Walerian,Meysztowicz,Walerian,1893-06-24T00:00:00Z,1982-05-24T00:00:00Z,https://www.wikidata.org/wiki/Q3332711,https://www.wikidata.org/wiki/Q16468288,https://www.wikidata.org/wiki/Q220,https://www.wikidata.org/wiki/Q8441,https://www.wikidata.org/wiki/Q9370434,http://viaf.org/viaf/25409656,609,PL_BN_books,,,,,,,False
Głowacki Janusz,Głowacki,Janusz,1938-09-13T00:00:00Z,2017-08-19T00:00:00Z,https://www.wikidata.org/wiki/Q487596|https://www.wikidata.org/wiki/Q36180|https://www.wikidata.org/wiki/Q28389,https://www.wikidata.org/wiki/Q268,https://www.wikidata.org/wiki/Q79,https://www.wikidata.org/wiki/Q8441,https://www.wikidata.org/wiki/Q1683054,http://viaf.org/viaf/24602020,61,PL_BN_books,,,,,,,False
Micewski Andrzej,Micewski,Andrzej,1926-11-03T00:00:00Z,2004-11-29T00:00:00Z,https://www.wikidata.org/wiki/Q82955|https://www.wikidata.org/wiki/Q201788,https://www.wikidata.org/wiki/Q270,,https://www.wikidata.org/wiki/Q8441,https://www.wikidata.org/wiki/Q9152909,http://viaf.org/viaf/64009306,612,CZ_books;PL_BN_books,,,,,,,False
Michalewski Wojciech,Michalewski,Wojciech,,,,,,,,http://viaf.org/viaf/166167143,614,PL_BN_books,,,,,Michalewski Wojtek,,False
Michalkiewicz Stanisław,Michalkiewicz,Stanisław,1947-11-08T00:00:00Z,,https://www.wikidata.org/wiki/Q82955|https://www.wikidata.org/wiki/Q380075|https://www.wikidata.org/wiki/Q36180,https://www.wikidata.org/wiki/Q37333,,https://www.wikidata.org/wiki/Q8441,https://www.wikidata.org/wiki/Q7599191,http://viaf.org/viaf/38099964,615,PL_BN_books,Stanisławski Andrzej,,,,,,False
Blady- Szwajger Adina,Blady- Szwajger,Adina,1917-03-21T00:00:00Z,1993-02-19T00:00:00Z,https://www.wikidata.org/wiki/Q1919436,https://www.wikidata.org/wiki/Q270,https://www.wikidata.org/wiki/Q580,https://www.wikidata.org/wiki/Q467,https://www.wikidata.org/wiki/Q9140870,http://viaf.org/viaf/41882537,616,PL_BN_books,,,,,,,False
Mićunović Veljko,Mićunović,Veljko,1916-01-16T00:00:00Z,1982-08-02T00:00:00Z,https://www.wikidata.org/wiki/Q193391|https://www.wikidata.org/wiki/Q168559,https://www.wikidata.org/wiki/Q3555304,,https://www.wikidata.org/wiki/Q8441,https://www.wikidata.org/wiki/Q1567335,http://viaf.org/viaf/102011189,619,PL_BN_books,,,,,,,False
Miedziński Bogusław,Miedziński,Bogusław,1891-01-01T00:00:00Z,1972-05-08T00:00:00Z,https://www.wikidata.org/wiki/Q1930187|https://www.wikidata.org/wiki/Q4002659,https://www.wikidata.org/wiki/Q2667569,https://www.wikidata.org/wiki/Q84,https://www.wikidata.org/wiki/Q8441,https://www.wikidata.org/wiki/Q208857,http://viaf.org/viaf/59334630,620,PL_BN_books,,,,,,,False
Mieleszko Konrad,Mieleszko,Konrad,,,,,,,,http://viaf.org/viaf/311120804,621,PL_BN_books,,,,,,,False
Mieroszewski Juliusz,Mieroszewski,Juliusz,1906-02-03T00:00:00Z,1976-06-21T00:00:00Z,https://www.wikidata.org/wiki/Q1930187|https://www.wikidata.org/wiki/Q333634,https://www.wikidata.org/wiki/Q31487,https://www.wikidata.org/wiki/Q84,https://www.wikidata.org/wiki/Q8441,https://www.wikidata.org/wiki/Q3189881,http://viaf.org/viaf/2592935,622,PL_BN_books,,,,,,,False
Mihajlov Mihajlo,Mihajlov,Mihajlo,1934-01-01T00:00:00Z,2010-03-07T00:00:00Z,https://www.wikidata.org/wiki/Q901,https://www.wikidata.org/wiki/Q205432,https://www.wikidata.org/wiki/Q3711,https://www.wikidata.org/wiki/Q8441,https://www.wikidata.org/wiki/Q2580661,http://viaf.org/viaf/109812534,624,PL_BN_books,,,,,,,False
Miklaszewska Maryna,Miklaszewska,Maryna,1947-01-04T00:00:00Z,,https://www.wikidata.org/wiki/Q1930187|https://www.wikidata.org/wiki/Q71049101|https://www.wikidata.org/wiki/Q14467526|https://www.wikidata.org/wiki/Q36180|https://www.wikidata.org/wiki/Q8178443|https://www.wikidata.org/wiki/Q333634,https://www.wikidata.org/wiki/Q588,,https://www.wikidata.org/wiki/Q467,https://www.wikidata.org/wiki/Q11770905,http://viaf.org/viaf/303257064,626,PL_BezCenzury_books;PL_BezCenzury_articles;PL_BN_books,Kowalski Miłosz|Miłosz Kowalski,,,,,,False
Mikołajczyk Stanisław,Mikołajczyk,Stanisław,1901-07-18T00:00:00Z,1966-12-13T00:00:00Z,https://www.wikidata.org/wiki/Q82955,https://www.wikidata.org/wiki/Q1625155,https://www.wikidata.org/wiki/Q61,https://www.wikidata.org/wiki/Q8441,https://www.wikidata.org/wiki/Q527012,http://viaf.org/viaf/51839666,628,PL_BN_books,,,,,,,False
Głuchowski Leszek,Głuchowski,Leszek,,,,,,,,http://viaf.org/viaf/71220448,63,PL_BN_books,,,,,,,False
Błażyński Zbigniew Jerzy,Błażyński,Zbigniew Jerzy,1914,,,,,,,http://viaf.org/viaf/4709153411794141700004,630,PL_BN_books,,,,,,,False
Miłkowski Stanisław,Miłkowski,Stanisław,,,,,,,,http://viaf.org/viaf/163597939,631,PL_BN_books,,,,,,,False
Światło Józef,Światło,Józef,1915-01-01T00:00:00Z,1994-08-02T00:00:00Z❦1994-09-02T00:00:00Z,https://www.wikidata.org/wiki/Q212238,https://www.wikidata.org/wiki/Q1019899,https://www.wikidata.org/wiki/Q30,https://www.wikidata.org/wiki/Q8441,https://www.wikidata.org/wiki/Q929107,http://viaf.org/viaf/88033818,633,PL_BN_books,,,,,,,False
Achmatova Anna Andreevna,Achmatova,Anna Andreevna,1889-06-23T00:00:00Z,1966-03-05T00:00:00Z,https://www.wikidata.org/wiki/Q17167049|https://www.wikidata.org/wiki/Q4263842|https://www.wikidata.org/wiki/Q49757|https://www.wikidata.org/wiki/Q36180|https://www.wikidata.org/wiki/Q482980|https://www.wikidata.org/wiki/Q333634,https://www.wikidata.org/wiki/Q1874,https://www.wikidata.org/wiki/Q135410,https://www.wikidata.org/wiki/Q467,https://www.wikidata.org/wiki/Q80440,http://viaf.org/viaf/49220707,634,CZ_books;PL_BN_books,,,,"['Gorenko Anna Andreevna', 'Gorenko      Anna Andreevna']",Achmatowa Anna,,False
Bobkowski Andrzej,Bobkowski,Andrzej,1913-10-27T00:00:00Z,1961-06-26T00:00:00Z,https://www.wikidata.org/wiki/Q11774202|https://www.wikidata.org/wiki/Q36180,https://www.wikidata.org/wiki/Q131612,https://www.wikidata.org/wiki/Q1555,https://www.wikidata.org/wiki/Q8441,https://www.wikidata.org/wiki/Q2846987,http://viaf.org/viaf/68950211,635,PL_BN_books,,,,,,,False
Venclova Tomas,Venclova,Tomas,1937-09-11T00:00:00Z,,https://www.wikidata.org/wiki/Q49757|https://www.wikidata.org/wiki/Q36180|https://www.wikidata.org/wiki/Q1622272|https://www.wikidata.org/wiki/Q13570226|https://www.wikidata.org/wiki/Q333634,https://www.wikidata.org/wiki/Q776965,,https://www.wikidata.org/wiki/Q8441,https://www.wikidata.org/wiki/Q187907,http://viaf.org/viaf/66504769,637,CZ_articles;PL_BN_books,,,,,,,False
Wańkowicz Melchior,Wańkowicz,Melchior,1892-01-10T00:00:00Z,1974-09-10T00:00:00Z,https://www.wikidata.org/wiki/Q1930187|https://www.wikidata.org/wiki/Q2085381|https://www.wikidata.org/wiki/Q36180|https://www.wikidata.org/wiki/Q164236|https://www.wikidata.org/wiki/Q82955|https://www.wikidata.org/wiki/Q6051619,https://www.wikidata.org/wiki/Q6398138,https://www.wikidata.org/wiki/Q270,https://www.wikidata.org/wiki/Q8441,https://www.wikidata.org/wiki/Q3646655,http://viaf.org/viaf/49257046,638,PL_BN_books,,,,,,,False
Minkiewicz Władysław A.,Minkiewicz,Władysław A.,,,,,,,,http://viaf.org/viaf/294410870,639,PL_BN_books,,,,,Minkiewicz Władysław,,False
Mirecki Kazimierz,Mirecki,Kazimierz,1910-04-10T00:00:00Z,1999-04-01T00:00:00Z,https://www.wikidata.org/wiki/Q82955,,,https://www.wikidata.org/wiki/Q8441,https://www.wikidata.org/wiki/Q11738139,http://viaf.org/viaf/163437864,641,PL_BN_books,,,,,,,False
Żmuda Tadeusz,Żmuda,Tadeusz,,,,,,,,http://viaf.org/viaf/161528503,642,PL_BN_books,,,,,,,False
Kądziela Paweł,Kądziela,Paweł,,,,,,,,http://viaf.org/viaf/93890182,643,PL_BN_books,Bobowski Stanisław,,,,,,False
Mirowski Jerzy,Mirowski,Jerzy,,,,,,,,http://viaf.org/viaf/311120805,645,PL_BN_books,,,,,,,False
Missiura Andrzej Dawid,Missiura,Andrzej Dawid,,,,,,,,http://viaf.org/viaf/301619573,646,PL_BN_books,,,,,,,False
Miszalski Marian,Miszalski,Marian,1948-01-01T00:00:00Z,,https://www.wikidata.org/wiki/Q1930187,https://www.wikidata.org/wiki/Q580,,https://www.wikidata.org/wiki/Q8441,https://www.wikidata.org/wiki/Q11769566,http://viaf.org/viaf/71812070,647,PL_BezCenzury_articles;PL_BN_books,Hutton Geofrey Samuel;Pridumcew Iwan Iwanowicz,,,,,,False
Mitkiewicz Leon,Mitkiewicz,Leon,1896-02-20T00:00:00Z,1972-12-12T00:00:00Z,https://www.wikidata.org/wiki/Q4002659,https://www.wikidata.org/wiki/Q145719,,https://www.wikidata.org/wiki/Q8441,https://www.wikidata.org/wiki/Q11754351,http://viaf.org/viaf/49281884,649,PL_BN_books,,,,,,,False
Mitzner Krystyna,Mitzner,Krystyna,,,,,,,,http://viaf.org/viaf/30077298,650,PL_BN_books,,,,,,,False
Mitzner Piotr,Mitzner,Piotr,1955-05-15T00:00:00Z,,https://www.wikidata.org/wiki/Q1930187|https://www.wikidata.org/wiki/Q36180,https://www.wikidata.org/wiki/Q270,,https://www.wikidata.org/wiki/Q8441,https://www.wikidata.org/wiki/Q4298249,http://viaf.org/viaf/101888382,651,CZ_books;PL_BN_books,Jan Pławski|Jan Miciak,,,,,,False
Bobrzyński Jan,Bobrzyński,Jan,1882-09-14T00:00:00Z,1951-09-03T00:00:00Z,https://www.wikidata.org/wiki/Q1930187,https://www.wikidata.org/wiki/Q31487,,https://www.wikidata.org/wiki/Q8441,https://www.wikidata.org/wiki/Q48864691,http://viaf.org/viaf/115646123,652,PL_BN_books,,,,,,,False
Mlynář Zdeněk,Mlynář,Zdeněk,1930-06-22T00:00:00Z,1997-04-15T00:00:00Z,https://www.wikidata.org/wiki/Q1622272|https://www.wikidata.org/wiki/Q82955|https://www.wikidata.org/wiki/Q36180|https://www.wikidata.org/wiki/Q1238570,https://www.wikidata.org/wiki/Q999916,https://www.wikidata.org/wiki/Q1741,https://www.wikidata.org/wiki/Q8441,https://www.wikidata.org/wiki/Q169020,http://viaf.org/viaf/109613626,653,PL_BezCenzury_books;CZ_articles;PL_BezCenzury_articles;PL_BN_books,,,,,,,False
Mochnacki Maurycy,Mochnacki,Maurycy,1803-09-13T00:00:00Z,1834-12-20T00:00:00Z,https://www.wikidata.org/wiki/Q82955|https://www.wikidata.org/wiki/Q1930187|https://www.wikidata.org/wiki/Q36180|https://www.wikidata.org/wiki/Q201788,https://www.wikidata.org/wiki/Q4095458,https://www.wikidata.org/wiki/Q167600,https://www.wikidata.org/wiki/Q8441,https://www.wikidata.org/wiki/Q1340629,http://viaf.org/viaf/54271614,654,PL_BN_books,,,,,,,False
Moczarski Kazimierz,Moczarski,Kazimierz,1907-07-21T00:00:00Z,1975-09-27T00:00:00Z,https://www.wikidata.org/wiki/Q18814623|https://www.wikidata.org/wiki/Q1930187|https://www.wikidata.org/wiki/Q36180|https://www.wikidata.org/wiki/Q864380|https://www.wikidata.org/wiki/Q1397808,https://www.wikidata.org/wiki/Q270,https://www.wikidata.org/wiki/Q270,https://www.wikidata.org/wiki/Q8441,https://www.wikidata.org/wiki/Q122775,http://viaf.org/viaf/12312583,655,PL_BN_books,,,,,,,False
"Bocheński, Józef Maria",Bocheński,Józef Maria,1902-10-30T00:00:00Z❦1902-08-30T00:00:00Z,1995-02-08T00:00:00Z,https://www.wikidata.org/wiki/Q4964182|https://www.wikidata.org/wiki/Q36180|https://www.wikidata.org/wiki/Q1622272|https://www.wikidata.org/wiki/Q170790|https://www.wikidata.org/wiki/Q1234713,https://www.wikidata.org/wiki/Q2126853,https://www.wikidata.org/wiki/Q36378,https://www.wikidata.org/wiki/Q8441,https://www.wikidata.org/wiki/Q673672,http://viaf.org/viaf/88344067,656,CZ_books;CZ_articles;PL_BN_books,,,,,,,False
Moczydłowski Paweł,Moczydłowski,Paweł,1953-01-01T00:00:00Z,,https://www.wikidata.org/wiki/Q2306091|https://www.wikidata.org/wiki/Q8142883,https://www.wikidata.org/wiki/Q983735,,https://www.wikidata.org/wiki/Q8441,https://www.wikidata.org/wiki/Q3898119,http://viaf.org/viaf/13958012,658,PL_BN_books,,,,,,,False
Rzepliński Andrzej,Rzepliński,Andrzej,1949-11-26T00:00:00Z,,https://www.wikidata.org/wiki/Q4594605|https://www.wikidata.org/wiki/Q380075|https://www.wikidata.org/wiki/Q8142883,https://www.wikidata.org/wiki/Q745051,,https://www.wikidata.org/wiki/Q8441,https://www.wikidata.org/wiki/Q3616410,http://viaf.org/viaf/101768800,659,PL_BN_books,,,,,,,False
Modzelewski Karol,Modzelewski,Karol,1937-11-23T00:00:00Z,2019-04-28T00:00:00Z,https://www.wikidata.org/wiki/Q201788|https://www.wikidata.org/wiki/Q15980158|https://www.wikidata.org/wiki/Q3332711|https://www.wikidata.org/wiki/Q36180|https://www.wikidata.org/wiki/Q7886765|https://www.wikidata.org/wiki/Q82955,https://www.wikidata.org/wiki/Q649,https://www.wikidata.org/wiki/Q270,https://www.wikidata.org/wiki/Q8441,https://www.wikidata.org/wiki/Q1378796,http://viaf.org/viaf/102333788,660,CZ_articles;PL_BN_books,,,,,,,False
Mokry Włodzimierz,Mokry,Włodzimierz,1949-04-18T00:00:00Z,,https://www.wikidata.org/wiki/Q25339110|https://www.wikidata.org/wiki/Q1238570,https://www.wikidata.org/wiki/Q3039167,,https://www.wikidata.org/wiki/Q8441,https://www.wikidata.org/wiki/Q9382745,http://viaf.org/viaf/266307448,661,PL_BN_books,Lewicki Piotr,,,,,,False
Mokrzycki Jacek,Mokrzycki,Jacek,1934,,,,,,,http://viaf.org/viaf/101714502,662,PL_BN_books,Lwowczyk Jacek,,,,,,False
Molotov Vjačeslav Michajlovič,Molotov,Vjačeslav Michajlovič,1890-03-09T00:00:00Z,1986-11-08T00:00:00Z,https://www.wikidata.org/wiki/Q82955|https://www.wikidata.org/wiki/Q193391|https://www.wikidata.org/wiki/Q372436,https://www.wikidata.org/wiki/Q196369,https://www.wikidata.org/wiki/Q649,https://www.wikidata.org/wiki/Q8441,https://www.wikidata.org/wiki/Q132899,http://viaf.org/viaf/112059678,664,PL_BN_books,,,,,Mołotow Wiaczesław|Mołotow W.,,False
Monod Jacques,Monod,Jacques,1910-02-09T00:00:00Z,1976-05-31T00:00:00Z,https://www.wikidata.org/wiki/Q864503|https://www.wikidata.org/wiki/Q39631|https://www.wikidata.org/wiki/Q3126128|https://www.wikidata.org/wiki/Q2919046|https://www.wikidata.org/wiki/Q1397808,https://www.wikidata.org/wiki/Q90,https://www.wikidata.org/wiki/Q39984,https://www.wikidata.org/wiki/Q8441,https://www.wikidata.org/wiki/Q231402,http://viaf.org/viaf/71395150,665,PL_BN_books,,,,,,,False
Monroe Robert A.,Monroe,Robert A.,1915-10-30T00:00:00Z,1995-03-17T00:00:00Z,https://www.wikidata.org/wiki/Q43845|https://www.wikidata.org/wiki/Q36180|https://www.wikidata.org/wiki/Q28389,https://www.wikidata.org/wiki/Q49241,,https://www.wikidata.org/wiki/Q8441,https://www.wikidata.org/wiki/Q547798,http://viaf.org/viaf/205758991,666,PL_BN_books,,,,,Monroe Robert,,False
Moody Raymond A.,Moody,Raymond A.,1944-06-30T00:00:00Z,,https://www.wikidata.org/wiki/Q212980|https://www.wikidata.org/wiki/Q211346|https://www.wikidata.org/wiki/Q4964182|https://www.wikidata.org/wiki/Q39631|https://www.wikidata.org/wiki/Q36180,https://www.wikidata.org/wiki/Q1855733,,https://www.wikidata.org/wiki/Q8441,https://www.wikidata.org/wiki/Q536790,http://viaf.org/viaf/4934135,667,PL_BN_books,,,,,,,False
Gollert Friedriech,Gollert,Friedriech,1904-12-02T00:00:00Z,1960-01-07T00:00:00Z,https://www.wikidata.org/wiki/Q82955|https://www.wikidata.org/wiki/Q380075,https://www.wikidata.org/wiki/Q16085,,https://www.wikidata.org/wiki/Q8441,https://www.wikidata.org/wiki/Q18202348,http://viaf.org/viaf/162612307,67,PL_BN_books,,,,,,,False
Morawski Kajetan,Morawski,Kajetan,1892-04-19T00:00:00Z,1973-11-02T00:00:00Z,https://www.wikidata.org/wiki/Q82955|https://www.wikidata.org/wiki/Q36180,https://www.wikidata.org/wiki/Q6315279,https://www.wikidata.org/wiki/Q1391575,https://www.wikidata.org/wiki/Q8441,https://www.wikidata.org/wiki/Q3192023,http://viaf.org/viaf/15013883,671,PL_BN_books,,,,,,,False
Moroz Władysław,Moroz,Władysław,,,,,,,,http://viaf.org/viaf/303821984,675,PL_BN_books,,,,,,,False
Mosšeg Ignati,Mosšeg,Ignati,,,,,,,,http://viaf.org/viaf/101969480,676,PL_BN_books,,,,,,,False
Moszkowicz Michał,Moszkowicz,Michał,1941-08-31T00:00:00Z,2017-09-10T00:00:00Z,https://www.wikidata.org/wiki/Q36180,https://www.wikidata.org/wiki/Q95449,https://www.wikidata.org/wiki/Q1754,https://www.wikidata.org/wiki/Q8441,https://www.wikidata.org/wiki/Q11779041,http://viaf.org/viaf/37323861,677,PL_BN_books,,,,,,,False
Moszyński Adam,Moszyński,Adam,,,,,,,,http://viaf.org/viaf/22547784,678,PL_BN_books,,,,,,,False
Mrożek Sławomir,Mrożek,Sławomir,1930-06-29T00:00:00Z,2013-08-15T00:00:00Z,https://www.wikidata.org/wiki/Q487596|https://www.wikidata.org/wiki/Q1930187|https://www.wikidata.org/wiki/Q1028181|https://www.wikidata.org/wiki/Q36180|https://www.wikidata.org/wiki/Q18939491|https://www.wikidata.org/wiki/Q482980|https://www.wikidata.org/wiki/Q18844224,https://www.wikidata.org/wiki/Q2145650,https://www.wikidata.org/wiki/Q33959,https://www.wikidata.org/wiki/Q8441,https://www.wikidata.org/wiki/Q18832,http://viaf.org/viaf/71395393,679,CZ_books;CZ_articles;PL_BN_books,,,,,,,False
Golomštok Igor,Golomštok,Igor,1929-01-11T00:00:00Z,2017-07-12T00:00:00Z,https://www.wikidata.org/wiki/Q1792450,https://www.wikidata.org/wiki/Q2288,https://www.wikidata.org/wiki/Q84,https://www.wikidata.org/wiki/Q8441,https://www.wikidata.org/wiki/Q4142120,http://viaf.org/viaf/51739966,68,PL_BN_books,,,,,Gołomsztok Igor,,False
Bocheński Jacek,Bocheński,Jacek,1926-07-29T00:00:00Z,,https://www.wikidata.org/wiki/Q36180|https://www.wikidata.org/wiki/Q333634,https://www.wikidata.org/wiki/Q36036,,https://www.wikidata.org/wiki/Q8441,https://www.wikidata.org/wiki/Q11715208,http://viaf.org/viaf/108160909,680,CZ_articles;PL_BN_books,,,,,,,False
Muller Jean Marie,Muller,Jean Marie,1939-10-21T00:00:00Z,,https://www.wikidata.org/wiki/Q4964182,https://www.wikidata.org/wiki/Q203309,,https://www.wikidata.org/wiki/Q8441,https://www.wikidata.org/wiki/Q3167761,http://viaf.org/viaf/86625206,683,PL_BN_books,,,,,,,False
"Pawlak, Antoni",Pawlak,Antoni,1952-01-01T00:00:00Z,,https://www.wikidata.org/wiki/Q36180,https://www.wikidata.org/wiki/Q41252,,https://www.wikidata.org/wiki/Q8441,https://www.wikidata.org/wiki/Q95347069,http://viaf.org/viaf/134119981,685,CZ_books;PL_BN_books,,,,,,,False
Muszyński Marek,Muszyński,Marek,1947-01-23T00:00:00Z,,https://www.wikidata.org/wiki/Q7886765|https://www.wikidata.org/wiki/Q82955,https://www.wikidata.org/wiki/Q37333,,https://www.wikidata.org/wiki/Q8441,https://www.wikidata.org/wiki/Q6758880,http://viaf.org/viaf/302223821,686,PL_BN_books,,,,,,,False
Nagorski Andrew,Nagorski,Andrew,1947-01-01T00:00:00Z,,https://www.wikidata.org/wiki/Q1930187|https://www.wikidata.org/wiki/Q36180,https://www.wikidata.org/wiki/Q23436,,https://www.wikidata.org/wiki/Q8441,https://www.wikidata.org/wiki/Q4117070,http://viaf.org/viaf/41935550,688,PL_BN_books,,,,,Nagórski Andrzej,,False
Bogucki Teofil,Bogucki,Teofil,1908-03-07T00:00:00Z,1987-09-09T00:00:00Z,https://www.wikidata.org/wiki/Q725440,https://www.wikidata.org/wiki/Q5320673,https://www.wikidata.org/wiki/Q270,https://www.wikidata.org/wiki/Q8441,https://www.wikidata.org/wiki/Q9356910,http://viaf.org/viaf/165954928,689,CZ_books;CZ_articles;PL_BN_books,,,,,,,False
Gombrowicz Rita,Gombrowicz,Rita,1904-08-04T00:00:00Z,1969-07-24T00:00:00Z,https://www.wikidata.org/wiki/Q487596|https://www.wikidata.org/wiki/Q36180|https://www.wikidata.org/wiki/Q18939491|https://www.wikidata.org/wiki/Q185351|https://www.wikidata.org/wiki/Q482980|https://www.wikidata.org/wiki/Q49757|https://www.wikidata.org/wiki/Q6625963|https://www.wikidata.org/wiki/Q11774202,https://www.wikidata.org/wiki/Q6799455,https://www.wikidata.org/wiki/Q192368,https://www.wikidata.org/wiki/Q8441,https://www.wikidata.org/wiki/Q275175,http://viaf.org/viaf/97857022,69,PL_BN_books,,,,,,,False
Nagórski Zygmunt senior,Nagórski,Zygmunt,1884-06-02T00:00:00Z,1973-01-20T00:00:00Z,https://www.wikidata.org/wiki/Q1650915|https://www.wikidata.org/wiki/Q380075,https://www.wikidata.org/wiki/Q270,https://www.wikidata.org/wiki/Q522356,https://www.wikidata.org/wiki/Q8441,https://www.wikidata.org/wiki/Q24577856,http://viaf.org/viaf/115547433,690,PL_BN_books,,['senior'],,,,,False
Nagrabiecki Jan,Nagrabiecki,Jan,1920-11-28T00:00:00Z,2011-01-30T00:00:00Z,https://www.wikidata.org/wiki/Q49757,https://www.wikidata.org/wiki/Q761,,https://www.wikidata.org/wiki/Q8441,https://www.wikidata.org/wiki/Q7943192,http://viaf.org/viaf/27476180,691,PL_BN_books,Wandal,,,,,,False
Najwer Ewa,Najwer,Ewa,1933-01-06T00:00:00Z,2019-05-13T00:00:00Z,https://www.wikidata.org/wiki/Q49757|https://www.wikidata.org/wiki/Q4263842,https://www.wikidata.org/wiki/Q156726,,https://www.wikidata.org/wiki/Q467,https://www.wikidata.org/wiki/Q9256785,http://viaf.org/viaf/69347769,692,PL_BN_books,,,,,,,False
Napieralski Henryk,Napieralski,Henryk,,,,,,,,http://viaf.org/viaf/84084418,693,PL_BN_books,,,,,,,False
Narbutt Jerzy,Narbutt,Jerzy,1925-10-12T00:00:00Z,2011-05-30T00:00:00Z,https://www.wikidata.org/wiki/Q49757,https://www.wikidata.org/wiki/Q270,https://www.wikidata.org/wiki/Q270,https://www.wikidata.org/wiki/Q8441,https://www.wikidata.org/wiki/Q11725123,http://viaf.org/viaf/60208467,694,CZ_books;PL_BN_books,,,,,,,False
Narkun Tadeusz,Narkun,Tadeusz,,,,,,,,http://viaf.org/viaf/311120850,695,PL_BN_books,,,,,,,False
Narrator,Narrator,,,,,,,,,http://viaf.org/viaf/303675045,696,PL_BN_books,,,,,,,False
Naszan Jan Dobrogost,Naszan,Jan Dobrogost,,,,,,,,http://viaf.org/viaf/301821097,697,PL_BN_books,,,,,,,False
Nawrocki Grzegorz,Nawrocki,Grzegorz,1949-01-01T00:00:00Z,1998-01-14T00:00:00Z,https://www.wikidata.org/wiki/Q33231,https://www.wikidata.org/wiki/Q270,https://www.wikidata.org/wiki/Q270,https://www.wikidata.org/wiki/Q8441,https://www.wikidata.org/wiki/Q65165654,http://viaf.org/viaf/65143619,699,PL_BN_books,Yan ÓW,,,,,,False
Świeczewski Karol,Świeczewski,Karol,,,,,,,,http://viaf.org/viaf/4284159248349104870004,70,PL_BN_books,,,,,,,False
Nawrocki Tadeusz,Nawrocki,Tadeusz,1910-07-07T00:00:00Z,1999-01-08T00:00:00Z,https://www.wikidata.org/wiki/Q82955,https://www.wikidata.org/wiki/Q7078353,https://www.wikidata.org/wiki/Q270,https://www.wikidata.org/wiki/Q8441,https://www.wikidata.org/wiki/Q7943212,http://viaf.org/viaf/161430590,700,PL_BN_books,,,,,,,False
Nekrasov Viktor Platonovič,Nekrasov,Viktor Platonovič,1911-06-17T00:00:00Z,1987-09-03T00:00:00Z,https://www.wikidata.org/wiki/Q1930187|https://www.wikidata.org/wiki/Q36180|https://www.wikidata.org/wiki/Q28389,https://www.wikidata.org/wiki/Q1899,https://www.wikidata.org/wiki/Q90,https://www.wikidata.org/wiki/Q8441,https://www.wikidata.org/wiki/Q427167,http://viaf.org/viaf/24605760,702,PL_BN_books,,,,,Niekrasow Wiktor,,False
"Newerly, Igor",Newerly,Igor,1903-03-24T00:00:00Z,1987-10-19T00:00:00Z,https://www.wikidata.org/wiki/Q1930187|https://www.wikidata.org/wiki/Q4263842|https://www.wikidata.org/wiki/Q876864|https://www.wikidata.org/wiki/Q36180|https://www.wikidata.org/wiki/Q12144794|https://www.wikidata.org/wiki/Q28389|https://www.wikidata.org/wiki/Q6051619,https://www.wikidata.org/wiki/Q281376,https://www.wikidata.org/wiki/Q270,https://www.wikidata.org/wiki/Q8441,https://www.wikidata.org/wiki/Q677367,http://viaf.org/viaf/39381924,703,CZ_articles;PL_BN_books,Ежи Абрамов|Игорь Абрамов-Неверли,,,,,,False
Ngor Haing,Ngor,Haing,1940-03-22T00:00:00Z,1996-02-25T00:00:00Z,https://www.wikidata.org/wiki/Q2640827|https://www.wikidata.org/wiki/Q33999|https://www.wikidata.org/wiki/Q39631|https://www.wikidata.org/wiki/Q36180|https://www.wikidata.org/wiki/Q33999,https://www.wikidata.org/wiki/Dystrykt Bati,https://www.wikidata.org/wiki/Q65,https://www.wikidata.org/wiki/Q8441,https://www.wikidata.org/wiki/Q312364,http://viaf.org/viaf/235892015,704,PL_BN_books,,,,,,,False
Niecikowski Jerzy,Niecikowski,Jerzy,1942-11-07T00:00:00Z,2013-11-13T00:00:00Z,https://www.wikidata.org/wiki/Q4964182|https://www.wikidata.org/wiki/Q4263842,,https://www.wikidata.org/wiki/Q270,https://www.wikidata.org/wiki/Q8441,https://www.wikidata.org/wiki/Q16334889,http://viaf.org/viaf/74266072,705,PL_BN_books,,,,,,,False
Nieduszyński Mieczysław,Nieduszyński,Mieczysław,,,,,,,,http://viaf.org/viaf/166352389,706,PL_BN_books,,,,,,,False
Niejaki M. W.,Niejaki M. W.,,,,,,,,,http://viaf.org/viaf/311359246,707,PL_BN_books,M.W.,,,,,,False
Niemiec Maciej,Niemiec,Maciej,1953-10-07T00:00:00Z,2012-01-25T00:00:00Z,https://www.wikidata.org/wiki/Q49757|https://www.wikidata.org/wiki/Q36180|https://www.wikidata.org/wiki/Q333634,https://www.wikidata.org/wiki/Q270,https://www.wikidata.org/wiki/Q90,https://www.wikidata.org/wiki/Q8441,https://www.wikidata.org/wiki/Q682682,http://viaf.org/viaf/126796,709,PL_BN_books,,,,,,,False
"Pawlak, Antoni",Pawlak,Antoni,1918-12-04T00:00:00Z,1985-09-16T00:00:00Z,https://www.wikidata.org/wiki/Q49757|https://www.wikidata.org/wiki/Q36180|https://www.wikidata.org/wiki/Q12144794|https://www.wikidata.org/wiki/Q333634,https://www.wikidata.org/wiki/Q1874,https://www.wikidata.org/wiki/Q56036,https://www.wikidata.org/wiki/Q8441,https://www.wikidata.org/wiki/Q1597576,http://viaf.org/viaf/49471058,71,CZ_books;PL_BN_books,,,,,,,False
Niemojewski Andrzej,Niemojewski,Andrzej,1864-01-24T00:00:00Z,1921-11-03T00:00:00Z,https://www.wikidata.org/wiki/Q487596|https://www.wikidata.org/wiki/Q49757|https://www.wikidata.org/wiki/Q36180|https://www.wikidata.org/wiki/Q333634,https://www.wikidata.org/wiki/Q7360026,https://www.wikidata.org/wiki/Q270,https://www.wikidata.org/wiki/Q8441,https://www.wikidata.org/wiki/Q3505543,http://viaf.org/viaf/32795931,711,PL_BN_books,Lambro,,,,,,False
Niesiołowski Stefan,Niesiołowski,Stefan,1944-02-04T00:00:00Z,,https://www.wikidata.org/wiki/Q1622272|https://www.wikidata.org/wiki/Q82955|https://www.wikidata.org/wiki/Q3055126,https://www.wikidata.org/wiki/Q732359,,https://www.wikidata.org/wiki/Q8441,https://www.wikidata.org/wiki/Q942300,http://viaf.org/viaf/72206643,713,PL_BN_books,Ostrołęcka Ewa,,,,,,False
Nietzsche Friedrich,Nietzsche,Friedrich,1844-10-15T00:00:00Z,1900-08-25T00:00:00Z,https://www.wikidata.org/wiki/Q1350157|https://www.wikidata.org/wiki/Q1231865|https://www.wikidata.org/wiki/Q4964182|https://www.wikidata.org/wiki/Q49757|https://www.wikidata.org/wiki/Q36180|https://www.wikidata.org/wiki/Q1622272|https://www.wikidata.org/wiki/Q482980|https://www.wikidata.org/wiki/Q2468727|https://www.wikidata.org/wiki/Q36834,https://www.wikidata.org/wiki/Q529879,https://www.wikidata.org/wiki/Q3955,https://www.wikidata.org/wiki/Q8441,https://www.wikidata.org/wiki/Q9358,http://viaf.org/viaf/89798474,714,CZ_books;PL_BN_books,,,,,,,False
Niżański Henryk,Niżański,Henryk,,,,,,,,http://viaf.org/viaf/161775689,715,PL_BN_books,,,,,,,False
Norman Lech,Norman,Lech,1951-01-01T00:00:00Z,,,,,https://www.wikidata.org/wiki/Q8441,https://www.wikidata.org/wiki/Q19268620,http://viaf.org/viaf/84266048,716,PL_BN_books,,,,,,,False
Novak Michael,Novak,Michael,1933-09-09T00:00:00Z,2017-02-17T00:00:00Z,https://www.wikidata.org/wiki/Q1930187|https://www.wikidata.org/wiki/Q4964182|https://www.wikidata.org/wiki/Q36180|https://www.wikidata.org/wiki/Q1238570|https://www.wikidata.org/wiki/Q193391,https://www.wikidata.org/wiki/Q1070763,https://www.wikidata.org/wiki/Q61,https://www.wikidata.org/wiki/Q8441,https://www.wikidata.org/wiki/Q3177150,http://viaf.org/viaf/11051469,717,PL_BN_books,,,,,,,False
Nowak- Jeziorański Jan,Nowak- Jeziorański,Jan,1913-01-01T00:00:00Z❦1914-10-03T00:00:00Z,2005-01-20T00:00:00Z,https://www.wikidata.org/wiki/Q82955|https://www.wikidata.org/wiki/Q1930187|https://www.wikidata.org/wiki/Q36180,https://www.wikidata.org/wiki/Q64,https://www.wikidata.org/wiki/Q270,https://www.wikidata.org/wiki/Q8441,https://www.wikidata.org/wiki/Q835577,http://viaf.org/viaf/93425730,718,PL_BN_books,Nowak Jan|Nowak Jan;Zych,,,"['Jeziorański Zdzisław', 'Jeziorański      Zdzisław']",Jeziorański Zdzisław,,False
Gombrowicz Witold,Gombrowicz,Witold,1904-08-04T00:00:00Z,1969-07-24T00:00:00Z,https://www.wikidata.org/wiki/Q487596|https://www.wikidata.org/wiki/Q36180|https://www.wikidata.org/wiki/Q18939491|https://www.wikidata.org/wiki/Q185351|https://www.wikidata.org/wiki/Q482980|https://www.wikidata.org/wiki/Q49757|https://www.wikidata.org/wiki/Q6625963|https://www.wikidata.org/wiki/Q11774202,https://www.wikidata.org/wiki/Q6799455,https://www.wikidata.org/wiki/Q192368,https://www.wikidata.org/wiki/Q8441,https://www.wikidata.org/wiki/Q275175,http://viaf.org/viaf/97857022,72,CZ_articles;PL_BN_books,,,,,,,False
Bogusławski Tomasz,Bogusławski,Tomasz,,,,,,,,http://viaf.org/viaf/306419107,720,PL_BN_books,,,,,,,False
Bogusz Lech,Bogusz,Lech,,,,,,,,http://viaf.org/viaf/162802624,721,PL_BN_books,,,,,,,False
Wiśniewski Ludwik,Wiśniewski,Ludwik,1936-10-25T00:00:00Z,,https://www.wikidata.org/wiki/Q250867,https://www.wikidata.org/wiki/Q1932465,,https://www.wikidata.org/wiki/Q8441,https://www.wikidata.org/wiki/Q1433325,http://viaf.org/viaf/249878518,722,PL_BN_books,,,,,,,False
Nowak- Jeziorański Jan,Nowak- Jeziorański,Jan,1913-01-01T00:00:00Z❦1914-10-03T00:00:00Z,2005-01-20T00:00:00Z,https://www.wikidata.org/wiki/Q82955|https://www.wikidata.org/wiki/Q1930187|https://www.wikidata.org/wiki/Q36180,https://www.wikidata.org/wiki/Q64,https://www.wikidata.org/wiki/Q270,https://www.wikidata.org/wiki/Q8441,https://www.wikidata.org/wiki/Q835577,http://viaf.org/viaf/93425730,724,PL_BN_books,Nowak Jan|Zych J.|Nowak Jan;Zych,,,"['Jeziorański Zdzisław', 'Jeziorański      Zdzisław']",Jeziorański Zdzisław,,False
Boguszewska Teresa,Boguszewska,Teresa,,,,,,,,http://viaf.org/viaf/8817920,725,PL_BN_books,,,,['Grodzicka-Królak Hanna Teresa'],,,False
Nowakowski Marek,Nowakowski,Marek,1935-03-02T00:00:00Z❦1935-04-02T00:00:00Z,2014-05-16T00:00:00Z,https://www.wikidata.org/wiki/Q33999|https://www.wikidata.org/wiki/Q36180|https://www.wikidata.org/wiki/Q28389,https://www.wikidata.org/wiki/Q270,,https://www.wikidata.org/wiki/Q8441,https://www.wikidata.org/wiki/Q11768346,http://viaf.org/viaf/36922661,726,PL_BN_books,Seweryn Kwarc,,,,,,False
Bohun- Dąbrowski Antoni,Bohun- Dąbrowski,Antoni,1902-03-01T00:00:00Z,1992-07-02T00:00:00Z,https://www.wikidata.org/wiki/Q4002659,https://www.wikidata.org/wiki/Q216,https://www.wikidata.org/wiki/Q499196,https://www.wikidata.org/wiki/Q8441,https://www.wikidata.org/wiki/Q9157445,http://viaf.org/viaf/418488,727,PL_BN_books,,,,,,,False
Nowakowski Tadeusz,Nowakowski,Tadeusz,1917-11-08T00:00:00Z,1996-03-11T00:00:00Z,https://www.wikidata.org/wiki/Q36180|https://www.wikidata.org/wiki/Q1930187|https://www.wikidata.org/wiki/Q482980,https://www.wikidata.org/wiki/Q82765,https://www.wikidata.org/wiki/Q41252,https://www.wikidata.org/wiki/Q8441,https://www.wikidata.org/wiki/Q984172,http://viaf.org/viaf/12354649,729,PL_BN_books,,,,,,,False
Nowicz Andrzej,Nowicz,Andrzej,,,,,,,,http://viaf.org/viaf/311120825,730,PL_BN_books,,,,,,,False
Nurski Bogdan,Nurski,Bogdan,,,,,,,,http://viaf.org/viaf/122111547,731,PL_BN_books,,,,,,,False
Nyczek Tadeusz,Nyczek,Tadeusz,1946-08-01T00:00:00Z,,https://www.wikidata.org/wiki/Q17337766|https://www.wikidata.org/wiki/Q4263842|https://www.wikidata.org/wiki/Q11774202|https://www.wikidata.org/wiki/Q333634,,,https://www.wikidata.org/wiki/Q8441,https://www.wikidata.org/wiki/Q9354664,http://viaf.org/viaf/101735563,733,PL_BN_books,,,,,,,False
O'Malley Owen,O'Malley,Owen,1887-05-04T00:00:00Z,1974-04-16T00:00:00Z,https://www.wikidata.org/wiki/Q193391,https://www.wikidata.org/wiki/Q208262,https://www.wikidata.org/wiki/Q34217,https://www.wikidata.org/wiki/Q8441,https://www.wikidata.org/wiki/Q4340910,http://viaf.org/viaf/164986703,735,PL_BN_books,,,,,,,False
Obertyńska Beata,Obertyńska,Beata,1898-07-18T00:00:00Z,1980-05-21T00:00:00Z,https://www.wikidata.org/wiki/Q49757|https://www.wikidata.org/wiki/Q36180,https://www.wikidata.org/wiki/Q913962,https://www.wikidata.org/wiki/Q84,https://www.wikidata.org/wiki/Q467,https://www.wikidata.org/wiki/Q4877016,http://viaf.org/viaf/12323530,736,PL_BN_books,Rudzka Marta,,,,,,False
Olszewski Jan,Olszewski,Jan,1960-01-01T00:00:00Z,,https://www.wikidata.org/wiki/Q185351,https://www.wikidata.org/wiki/Q201729,,https://www.wikidata.org/wiki/Q8441,https://www.wikidata.org/wiki/Q85132248,http://viaf.org/viaf/101788955,737,PL_BN_books,,,,,,,False
Bojarska Anna,Bojarska,Anna,1946-10-01T00:00:00Z,2019-07-26T00:00:00Z,https://www.wikidata.org/wiki/Q36180|https://www.wikidata.org/wiki/Q28389,https://www.wikidata.org/wiki/Q270,,https://www.wikidata.org/wiki/Q467,https://www.wikidata.org/wiki/Q9155037,http://viaf.org/viaf/93365898,738,PL_BN_books,Nemo Juliusz|Juliusz Nemo,,,,,,False
"Odojewski, Włodzimierz",,,1930-06-14T00:00:00Z,,https://www.wikidata.org/wiki/Q36180,https://www.wikidata.org/wiki/Q268,https://www.wikidata.org/wiki/Q741876,https://www.wikidata.org/wiki/Q8441,https://www.wikidata.org/wiki/Q1454216,http://viaf.org/viaf/2491542,739,PL_BezCenzury_articles,,,,,,,False
Okoń Anna,Okoń,Anna,,,,,,,,http://viaf.org/viaf/249827759,740,PL_BN_books,,,,,,,False
Okoń Jacek,Okoń,Jacek,,,,,,,,http://viaf.org/viaf/77042531,742,PL_BN_books,,,,,,,False
Okulicz Kazimierz,Okulicz,Kazimierz,1890-03-04T00:00:00Z,1981-07-02T00:00:00Z,https://www.wikidata.org/wiki/Q82955,,https://www.wikidata.org/wiki/Q84,https://www.wikidata.org/wiki/Q8441,https://www.wikidata.org/wiki/Q11738181,http://viaf.org/viaf/162148563,743,PL_BN_books,,,,,,,False
Olejniczak Jarosław,Olejniczak,Jarosław,,,,,,,,http://viaf.org/viaf/311124721,744,PL_BN_books,,,,,,,False
Olórin Józef,Olórin,Józef,,,,,,,,http://viaf.org/viaf/311120826,745,PL_BN_books,,,,,,,False
Oppman Artur,Oppman,Artur,1867-08-14T00:00:00Z,1931-11-04T00:00:00Z❦1931-10-04T00:00:00Z,https://www.wikidata.org/wiki/Q36180|https://www.wikidata.org/wiki/Q49757|https://www.wikidata.org/wiki/Q482980|https://www.wikidata.org/wiki/Q4002659,https://www.wikidata.org/wiki/Q270,https://www.wikidata.org/wiki/Q270,https://www.wikidata.org/wiki/Q8441,https://www.wikidata.org/wiki/Q8863973,http://viaf.org/viaf/47672943,749,PL_BN_books,Or-Ot,,,,,,False
Orda Monika,Orda,Monika,,,,,,,,http://viaf.org/viaf/311120834,750,PL_BN_books,,,,,,,False
Orlik- Rückemann Wilhelm,Orlik- Rückemann,Wilhelm,1894-08-01T00:00:00Z,1986-10-18T00:00:00Z,https://www.wikidata.org/wiki/Q4002659,https://www.wikidata.org/wiki/Q36036,https://www.wikidata.org/wiki/Q1930,https://www.wikidata.org/wiki/Q8441,https://www.wikidata.org/wiki/Q6960113,http://viaf.org/viaf/45158345,751,PL_BN_books,,,,,,,False
Orwell George,Orwell,George,1903-06-25T00:00:00Z,1950-01-21T00:00:00Z,https://www.wikidata.org/wiki/Q36180,https://www.wikidata.org/wiki/Q1774606,https://www.wikidata.org/wiki/Q84,https://www.wikidata.org/wiki/Q8441,https://www.wikidata.org/wiki/Q3335,http://viaf.org/viaf/95155403,753,CZ_articles;PL_BN_books,George Orwell|Orwell Jerzy,,,['Blair Eric Arthur'],,,False
Bolecki Włodzimierz,Bolecki,Włodzimierz,1952-04-13T00:00:00Z,,https://www.wikidata.org/wiki/Q201788,https://www.wikidata.org/wiki/Q270,,https://www.wikidata.org/wiki/Q8441,https://www.wikidata.org/wiki/Q9382588,http://viaf.org/viaf/29580819,754,PL_BezCenzury_articles;CZ_articles;PL_BN_books,Bolecki Włodzimierz|Jerzy Malewski|Malewski Jerzy,,,,,,False
Bolski Roman,Bolski,Roman,,,,,,,,http://viaf.org/viaf/300827461,755,PL_BN_books,,,,,,,False
"Boniecki, Adam Edward",Boniecki,Adam Edward,1934-07-25T00:00:00Z,,https://www.wikidata.org/wiki/Q1930187|https://www.wikidata.org/wiki/Q42603|https://www.wikidata.org/wiki/Q4964182|https://www.wikidata.org/wiki/Q36180|https://www.wikidata.org/wiki/Q1234713,https://www.wikidata.org/wiki/Q270,,https://www.wikidata.org/wiki/Q8441,https://www.wikidata.org/wiki/Q929542,http://viaf.org/viaf/101801203,756,CZ_articles;PL_BN_books,,,,,,,False
Oryszyn Zyta,Oryszyn,Zyta,1940-08-16T00:00:00Z,2018-10-11T00:00:00Z,https://www.wikidata.org/wiki/Q36180,https://www.wikidata.org/wiki/Q1946049,,https://www.wikidata.org/wiki/Q467,https://www.wikidata.org/wiki/Q11838511,http://viaf.org/viaf/54069220,757,PL_BN_books,,,,['Bartkowska Zyta Anna'],,,False
Gorczyńska Renata,Gorczyńska,Renata,1943-01-01T00:00:00Z,,https://www.wikidata.org/wiki/Q4263842|https://www.wikidata.org/wiki/Q1930187|https://www.wikidata.org/wiki/Q36180|https://www.wikidata.org/wiki/Q333634,https://www.wikidata.org/wiki/Q270,,https://www.wikidata.org/wiki/Q467,https://www.wikidata.org/wiki/Q9306339,http://viaf.org/viaf/27104128,76,PL_BezCenzury_articles;PL_BN_books,Czarnecka Ewa|Eva Čarnecka|Ewa Czarnecka,,,,,,False
Orzechowski Tadeusz,Orzechowski,Tadeusz,1838-11-09T00:00:00Z,1902-10-02T00:00:00Z,,https://www.wikidata.org/wiki/Q924960,https://www.wikidata.org/wiki/Q72,https://www.wikidata.org/wiki/Q8441,https://www.wikidata.org/wiki/Q17426521,http://viaf.org/viaf/15152291,760,PL_BN_books,Oksza Tadeusz,,,,,,False
Osęka Andrzej,Osęka,Andrzej,1932-12-03T00:00:00Z,2021-05-01T00:00:00Z,https://www.wikidata.org/wiki/Q6051619|https://www.wikidata.org/wiki/Q4164507|https://www.wikidata.org/wiki/Q1792450,https://www.wikidata.org/wiki/Q270,https://www.wikidata.org/wiki/Q270,https://www.wikidata.org/wiki/Q8441,https://www.wikidata.org/wiki/Q9153132,http://viaf.org/viaf/101863080,761,PL_BN_books,,,,,,,False
Osmańczyk Edmund Jan,Osmańczyk,Edmund Jan,1913-08-10T00:00:00Z,1989-10-04T00:00:00Z,https://www.wikidata.org/wiki/Q82955|https://www.wikidata.org/wiki/Q1930187|https://www.wikidata.org/wiki/Q17504989,https://www.wikidata.org/wiki/Q1678452,https://www.wikidata.org/wiki/Q270,https://www.wikidata.org/wiki/Q8441,https://www.wikidata.org/wiki/Q3848159,http://viaf.org/viaf/32801,762,PL_BN_books,,,,,,,False
Ossendowski Ferdynand Antoni,Ossendowski,Ferdynand Antoni,1878-06-08T00:00:00Z,1945-01-03T00:00:00Z,https://www.wikidata.org/wiki/Q1930187|https://www.wikidata.org/wiki/Q864503|https://www.wikidata.org/wiki/Q520549|https://www.wikidata.org/wiki/Q593644|https://www.wikidata.org/wiki/Q1344452|https://www.wikidata.org/wiki/Q1734662|https://www.wikidata.org/wiki/Q169470|https://www.wikidata.org/wiki/Q4773904|https://www.wikidata.org/wiki/Q36180|https://www.wikidata.org/wiki/Q14467526|https://www.wikidata.org/wiki/Q2919046|https://www.wikidata.org/wiki/Q294126|https://www.wikidata.org/wiki/Q13416354,https://www.wikidata.org/wiki/Q744259,https://www.wikidata.org/wiki/Q924078,https://www.wikidata.org/wiki/Q8441,https://www.wikidata.org/wiki/Q1392335,http://viaf.org/viaf/100204280,763,PL_BN_books,"Антон Мартынович Оссендовский|Feranto, Mark Czertwan|Mark Czertwan|Feranto",,,,,,False
Ossowska Maria,Ossowska,Maria,1896-01-16T00:00:00Z,1974-08-13T00:00:00Z,https://www.wikidata.org/wiki/Q4964182|https://www.wikidata.org/wiki/Q2306091,https://www.wikidata.org/wiki/Q270,https://www.wikidata.org/wiki/Q270,https://www.wikidata.org/wiki/Q467,https://www.wikidata.org/wiki/Q453489,http://viaf.org/viaf/47561343,764,PL_BN_books,,,,,,,False
Ostoja- Owsiany Andrzej,Ostoja- Owsiany,Andrzej,1931-06-16T00:00:00Z,2008-04-09T00:00:00Z,https://www.wikidata.org/wiki/Q82955|https://www.wikidata.org/wiki/Q18844224,https://www.wikidata.org/wiki/Q270,https://www.wikidata.org/wiki/Q580,https://www.wikidata.org/wiki/Q8441,https://www.wikidata.org/wiki/Q9153127,http://viaf.org/viaf/166566639,765,PL_BN_books,,,,,,,False
Ostrowska Bronisława,Ostrowska,Bronisława,1881-11-16T00:00:00Z,1928-05-18T00:00:00Z,https://www.wikidata.org/wiki/Q49757|https://www.wikidata.org/wiki/Q36180|https://www.wikidata.org/wiki/Q12144794|https://www.wikidata.org/wiki/Q333634,https://www.wikidata.org/wiki/Q270,https://www.wikidata.org/wiki/Q270,https://www.wikidata.org/wiki/Q467,https://www.wikidata.org/wiki/Q9179985,http://viaf.org/viaf/22158796,767,PL_BN_books,,,,,,,False
Ostrowski Stanisław,Ostrowski,Stanisław,1873-01-01T00:00:00Z,2000-01-01T00:00:00Z,,,,https://www.wikidata.org/wiki/Q8441,https://www.wikidata.org/wiki/Q9342739,http://viaf.org/viaf/165086824,768,PL_BN_books,,,,,,,False
Oszajca Wacław,Oszajca,Wacław,1947-09-28T00:00:00Z,,https://www.wikidata.org/wiki/Q250867|https://www.wikidata.org/wiki/Q1930187|https://www.wikidata.org/wiki/Q49757|https://www.wikidata.org/wiki/Q36180,https://www.wikidata.org/wiki/Q8075658,,https://www.wikidata.org/wiki/Q8441,https://www.wikidata.org/wiki/Q9369782,http://viaf.org/viaf/25012576,769,PL_BN_books,Nadbystrzycki Jakub,,,,,,False
Gorkij Maksim,Gorkij,Maksim,1868-03-28T00:00:00Z,1936-06-18T00:00:00Z,https://www.wikidata.org/wiki/Q487596|https://www.wikidata.org/wiki/Q1930187|https://www.wikidata.org/wiki/Q18814623|https://www.wikidata.org/wiki/Q49757|https://www.wikidata.org/wiki/Q36180|https://www.wikidata.org/wiki/Q18939491|https://www.wikidata.org/wiki/Q82955|https://www.wikidata.org/wiki/Q6625963|https://www.wikidata.org/wiki/Q6051619,https://www.wikidata.org/wiki/Q891,https://www.wikidata.org/wiki/Q649,https://www.wikidata.org/wiki/Q8441,https://www.wikidata.org/wiki/Q12706,http://viaf.org/viaf/96998392,77,PL_BN_books,Иегудиил Хламида|Максим Горький,,,['Peškov Aleksej Maksimovič'],Gorki Maksym,,False
Paczkowski Andrzej,Paczkowski,Andrzej,1938-10-01T00:00:00Z,,https://www.wikidata.org/wiki/Q201788,https://www.wikidata.org/wiki/Q155088,,https://www.wikidata.org/wiki/Q8441,https://www.wikidata.org/wiki/Q2742045,http://viaf.org/viaf/113202827,774,PL_BN_books,Perkal Jakub A.|Perkal Jakub,,,,,,False
Paff Lucjan,Paff,Lucjan,,,,,,,,http://viaf.org/viaf/165976044,775,PL_BN_books,,,,,,,False
Śliwka Jan,Śliwka,Jan,,,,,,,,http://viaf.org/viaf/300906505,777,PL_BN_books,,,,,,,False
Gosztony Peter I.,Gosztony,Peter I.,1931-12-02T00:00:00Z,1999-03-30T00:00:00Z,https://www.wikidata.org/wiki/Q1930187|https://www.wikidata.org/wiki/Q182436|https://www.wikidata.org/wiki/Q1493121,https://www.wikidata.org/wiki/Q1781,https://www.wikidata.org/wiki/Q70,https://www.wikidata.org/wiki/Q8441,https://www.wikidata.org/wiki/Q1307470,http://viaf.org/viaf/64047006,78,PL_BN_books,,,,,,,False
Pancewicz Bronisław,Pancewicz,Bronisław,,,,,,,,http://viaf.org/viaf/2313138,782,PL_BN_books,,,,,,,False
Borowicz Tadeusz,Borowicz,Tadeusz,1913,,,,,,,http://viaf.org/viaf/55488546,783,PL_BN_books,,,,,,,False
Paprzycki Leszek,Paprzycki,Leszek,,,,,,,,http://viaf.org/viaf/84529615,784,PL_BN_books,,,,,,,False
Parandowski Zbigniew,Parandowski,Zbigniew,1929-01-01T00:00:00Z,2017-05-03T00:00:00Z,https://www.wikidata.org/wiki/Q42973,https://www.wikidata.org/wiki/Q36036,,https://www.wikidata.org/wiki/Q8441,https://www.wikidata.org/wiki/Q9388203,http://viaf.org/viaf/56199166,785,PL_BN_books,,,,,,,False
Parms Łukasz,Parms,Łukasz,,,,,,,,http://viaf.org/viaf/311120827,786,PL_BN_books,,,,,,,False
Pasek Eugeniusz,Pasek,Eugeniusz,,,,,,,,http://viaf.org/viaf/311120858,787,PL_BN_books,,,,,,,False
Pasternak Boris Leonidovič,Pasternak,Boris Leonidovič,1890-02-10T00:00:00Z,1960-05-30T00:00:00Z,https://www.wikidata.org/wiki/Q487596|https://www.wikidata.org/wiki/Q49757|https://www.wikidata.org/wiki/Q36180|https://www.wikidata.org/wiki/Q333634|https://www.wikidata.org/wiki/Q6625963|https://www.wikidata.org/wiki/Q486748,https://www.wikidata.org/wiki/Q649,https://www.wikidata.org/wiki/Q593888,https://www.wikidata.org/wiki/Q8441,https://www.wikidata.org/wiki/Q41223,http://viaf.org/viaf/68933968,788,PL_BN_books,,,,,Pasternak Borys,,False
Bortnowski Stanisław,Bortnowski,Stanisław,1935-01-01T00:00:00Z,2014-05-24T00:00:00Z,https://www.wikidata.org/wiki/Q1231865,,,https://www.wikidata.org/wiki/Q8441,https://www.wikidata.org/wiki/Q17146253,http://viaf.org/viaf/49632374,790,PL_BN_books,,,,,,,False
Patočka Jan,Patočka,Jan,1907-06-01T00:00:00Z,1977-03-13T00:00:00Z,https://www.wikidata.org/wiki/Q21550346|https://www.wikidata.org/wiki/Q1231865|https://www.wikidata.org/wiki/Q2251335|https://www.wikidata.org/wiki/Q4964182|https://www.wikidata.org/wiki/Q36180|https://www.wikidata.org/wiki/Q1622272|https://www.wikidata.org/wiki/Q333634,https://www.wikidata.org/wiki/Q851419,https://www.wikidata.org/wiki/Q1085,https://www.wikidata.org/wiki/Q8441,https://www.wikidata.org/wiki/Q381720,http://viaf.org/viaf/49229907,791,PL_BezCenzury_books;PL_BezCenzury_articles;PL_BN_books,,,,,,,False
Pawlak Antoni,Pawlak,Antoni,1952-08-04T00:00:00Z,,https://www.wikidata.org/wiki/Q49757,https://www.wikidata.org/wiki/Q92689,,https://www.wikidata.org/wiki/Q8441,https://www.wikidata.org/wiki/Q9157234,http://viaf.org/viaf/101759717,792,CZ_books;CZ_articles;PL_BN_books,,,,,,,False
Terlecki Marian,Terlecki,Marian,1954-09-21T00:00:00Z,2010-01-08T00:00:00Z,https://www.wikidata.org/wiki/Q3455803|https://www.wikidata.org/wiki/Q3282637|https://www.wikidata.org/wiki/Q2526255,https://www.wikidata.org/wiki/Q1792,https://www.wikidata.org/wiki/Q1020457,https://www.wikidata.org/wiki/Q8441,https://www.wikidata.org/wiki/Q11769729,http://viaf.org/viaf/25020051,793,PL_BN_books,,,,,,,False
Pawlik Michaela,Pawlik,Michaela,1938-05-02T00:00:00Z,,https://www.wikidata.org/wiki/Q191808|https://www.wikidata.org/wiki/Q2306091,https://www.wikidata.org/wiki/Q1280831,,https://www.wikidata.org/wiki/Q467,https://www.wikidata.org/wiki/Q15733589,http://viaf.org/viaf/166192321,794,PL_BN_books,,,,,Pawlik Z. M.,,False
Pawlikowski Michał Kryspin,Pawlikowski,Michał Kryspin,1893-10-25T00:00:00Z,1972-05-30T00:00:00Z,https://www.wikidata.org/wiki/Q1930187|https://www.wikidata.org/wiki/Q18939491|https://www.wikidata.org/wiki/Q12144794,https://www.wikidata.org/wiki/Q16713557,https://www.wikidata.org/wiki/Q188705,https://www.wikidata.org/wiki/Q8441,https://www.wikidata.org/wiki/Q11778941,http://viaf.org/viaf/77164143,795,PL_BN_books,,,,,,,False
PD,PD,,,,,,,,,http://viaf.org/viaf/301946958,796,PL_BN_books,,,,,,,False
Pelc Jan,Pelc,Jan,1957-04-15T00:00:00Z,,https://www.wikidata.org/wiki/Q36180|https://www.wikidata.org/wiki/Q6051619|https://www.wikidata.org/wiki/Q12144794,https://www.wikidata.org/wiki/Q1017247,,https://www.wikidata.org/wiki/Q8441,https://www.wikidata.org/wiki/Q6149692,http://viaf.org/viaf/32275890,797,PL_BezCenzury_books;CZ_articles;PL_BezCenzury_articles;PL_BN_books,,,,,,,False
Smaga Józef,Smaga,Józef,1937-02-09T00:00:00Z,2019-11-05T00:00:00Z,https://www.wikidata.org/wiki/Q201788,https://www.wikidata.org/wiki/Q597574,https://www.wikidata.org/wiki/Q31487,https://www.wikidata.org/wiki/Q8441,https://www.wikidata.org/wiki/Q11731368,http://viaf.org/viaf/101743273,798,PL_BN_books,Boruta Jędrzej,,,,,,False
Pempel Stanisław,Pempel,Stanisław,,,,,,,,http://viaf.org/viaf/57022254,799,PL_BN_books,,,,,,,False
Friszke Andrzej,Friszke,Andrzej,1956-08-29T00:00:00Z,,https://www.wikidata.org/wiki/Q1622272|https://www.wikidata.org/wiki/Q201788|https://www.wikidata.org/wiki/Q15980158|https://www.wikidata.org/wiki/Q17489339,https://www.wikidata.org/wiki/Q82765,,https://www.wikidata.org/wiki/Q8441,https://www.wikidata.org/wiki/Q4759596,http://viaf.org/viaf/54249332,8,PL_BN_books,Jan Seret|Anatol Rzeczywisty|Marek Tarnopolski|Witold Wolski|Korybut|Wolski Witold|Zygmunt Korybutowicz|Pseudonimus,,,,,,False
Peszkowski Zdzisław Jastrzębiec,Peszkowski,Zdzisław Jastrzębiec,1918-08-23T00:00:00Z,2007-10-08T00:00:00Z,https://www.wikidata.org/wiki/Q42603,https://www.wikidata.org/wiki/Q201729,https://www.wikidata.org/wiki/Q270,https://www.wikidata.org/wiki/Q8441,https://www.wikidata.org/wiki/Q2595420,http://viaf.org/viaf/81727306,800,PL_BN_books,,,,,,,False
Petričenko Stepan M.,Petričenko,Stepan M.,,,,,,,,http://viaf.org/viaf/1309159233920703370020,801,PL_BN_books,,,,,Petriczenko Stepan,,False
Piasecki Sergiusz,Piasecki,Sergiusz,1901-04-01T00:00:00Z,1964-09-12T00:00:00Z,https://www.wikidata.org/wiki/Q36180,https://www.wikidata.org/wiki/Q956607,https://www.wikidata.org/wiki/Q84,https://www.wikidata.org/wiki/Q8441,https://www.wikidata.org/wiki/Q706880,http://viaf.org/viaf/34499373,804,PL_BN_books,Jan Tomaszewicz,,,,,,False
Piastowski Andrzej,Piastowski,Andrzej,,,,,,,,http://viaf.org/viaf/164657022,805,PL_BN_books,,,,,,,False
Piekut Stanisław,Piekut,Stanisław,1907-12-08T00:00:00Z,1980-06-23T00:00:00Z,https://www.wikidata.org/wiki/Q1650915,,,https://www.wikidata.org/wiki/Q8441,https://www.wikidata.org/wiki/Q9342798,http://viaf.org/viaf/1458793,806,PL_BN_books,,,,,,,False
Pielatowicz Kazimierz,Pielatowicz,Kazimierz,,,,,,,,http://viaf.org/viaf/101737791,807,PL_BN_books,,,,,,,False
Piesiewicz Piotr,Piesiewicz,Piotr,,,,,,,,http://viaf.org/viaf/100662112,808,PL_BN_books,,,,,,,False
Pietkiewicz Piotr,Pietkiewicz,Piotr,,,,,,,,http://viaf.org/viaf/162632600,809,PL_BN_books,,,,,,,False
Pietrzak Norbert Maria,Pietrzak,Norbert Maria,,,,,,,,http://viaf.org/viaf/311120852,810,PL_BN_books,,,,,,,False
Pil'njak Boris,Pil'njak,Boris,1894-10-11T00:00:00Z,1938-04-21T00:00:00Z,https://www.wikidata.org/wiki/Q49757|https://www.wikidata.org/wiki/Q36180,https://www.wikidata.org/wiki/Q159139,https://www.wikidata.org/wiki/Q2068654,https://www.wikidata.org/wiki/Q8441,https://www.wikidata.org/wiki/Q536372,http://viaf.org/viaf/29539221,811,PL_BN_books,Pilnyak|Pilniak|Пильняк|Pilňak,,,['Vogau Boris Andreevič'],Pilniak Borys,,False
Piłka Marian,Piłka,Marian,1954-06-16T00:00:00Z,,https://www.wikidata.org/wiki/Q82955,https://www.wikidata.org/wiki/Q7849204,,https://www.wikidata.org/wiki/Q8441,https://www.wikidata.org/wiki/Q6761964,http://viaf.org/viaf/43416099,812,PL_BN_books,,,,,,,False
Piłsudski Józef,Piłsudski,Józef,1867-12-05T00:00:00Z,1935-05-12T00:00:00Z,https://www.wikidata.org/wiki/Q82955|https://www.wikidata.org/wiki/Q47064,https://www.wikidata.org/wiki/Q2606178,https://www.wikidata.org/wiki/Q270,https://www.wikidata.org/wiki/Q8441,https://www.wikidata.org/wiki/Q885,http://viaf.org/viaf/46782964,814,CZ_books;CZ_articles;PL_BN_books,Wiktor|Z. Mieczysławski,,,,,,False
Borwicz Michał Maksymilian,Borwicz,Michał Maksymilian,1911-10-11T00:00:00Z,1987-08-31T00:00:00Z,https://www.wikidata.org/wiki/Q36180|https://www.wikidata.org/wiki/Q49757|https://www.wikidata.org/wiki/Q482980,https://www.wikidata.org/wiki/Q31487,https://www.wikidata.org/wiki/Q90,https://www.wikidata.org/wiki/Q8441,https://www.wikidata.org/wiki/Q4093473,http://viaf.org/viaf/64016156,815,PL_BN_books,,,,,,,False
Boryczka Adam,Boryczka,Adam,1913-01-01T00:00:00Z,1988-04-30T00:00:00Z,,https://www.wikidata.org/wiki/Q2712668,https://www.wikidata.org/wiki/Q270,https://www.wikidata.org/wiki/Q8441,https://www.wikidata.org/wiki/Q681276,http://viaf.org/viaf/302378466,816,PL_BN_books,,,,,,,False
Tucha~5cevskij Michail Nikolaevi~5c,Tucha~5cevskij,Michail Nikolaevi~5c,1893-02-16T00:00:00Z,1937-06-12T00:00:00Z,https://www.wikidata.org/wiki/Q82955|https://www.wikidata.org/wiki/Q4002659,https://www.wikidata.org/wiki/Q558263,https://www.wikidata.org/wiki/Q649,https://www.wikidata.org/wiki/Q8441,https://www.wikidata.org/wiki/Q142141,http://viaf.org/viaf/39432688,817,PL_BN_books,,,,,Tuchaczewski M|Tuchaczewski      Michał,,False
Pitaval P.,Pitaval,P.,,,,,,,,http://viaf.org/viaf/102196319,818,PL_BN_books,,,,,,,False
Brandys Kazimierz,Brandys,Kazimierz,1916-10-27T00:00:00Z,2000-03-11T00:00:00Z,https://www.wikidata.org/wiki/Q17337766|https://www.wikidata.org/wiki/Q1930187|https://www.wikidata.org/wiki/Q36180|https://www.wikidata.org/wiki/Q28389,https://www.wikidata.org/wiki/Q580,https://www.wikidata.org/wiki/Q170507,https://www.wikidata.org/wiki/Q8441,https://www.wikidata.org/wiki/Q558972,http://viaf.org/viaf/109018620,819,CZ_articles;PL_BN_books,,,,,,,False
Grabowski Ignacy,Grabowski,Ignacy,1866-01-01T00:00:00Z❦1866-07-26T00:00:00Z,1933-01-29T00:00:00Z❦1933-01-01T00:00:00Z,https://www.wikidata.org/wiki/Q6673651|https://www.wikidata.org/wiki/Q36180,,,https://www.wikidata.org/wiki/Q8441,https://www.wikidata.org/wiki/Q11711189,http://viaf.org/viaf/101994176,82,PL_BN_books,,,,,Oksza Grabowski Ignacy,,False
Sarna S.,Sarna,S.,,,,,,,,http://viaf.org/viaf/102196326,820,PL_BN_books,,,,,,,False
Piyadassi Thera,Piyadassi Thera,,1914-07-08T00:00:00Z,1998-08-18T00:00:00Z,,https://www.wikidata.org/wiki/Q6433847,,https://www.wikidata.org/wiki/Q8441,https://www.wikidata.org/wiki/Q7199773,http://viaf.org/viaf/268973454,821,PL_BN_books,,,,,,,False
Platonov Andrej Platonovič,Platonov,Andrej Platonovič,1899-08-28T00:00:00Z,1951-01-05T00:00:00Z,https://www.wikidata.org/wiki/Q487596|https://www.wikidata.org/wiki/Q49757|https://www.wikidata.org/wiki/Q36180|https://www.wikidata.org/wiki/Q12144794|https://www.wikidata.org/wiki/Q18844224,https://www.wikidata.org/wiki/Q3426,https://www.wikidata.org/wiki/Q649,https://www.wikidata.org/wiki/Q8441,https://www.wikidata.org/wiki/Q315147,http://viaf.org/viaf/95204396,822,CZ_books;PL_BN_books,Ф. Человеков|А. Фирсов|А Вагулов|Платонов,,,,Płatonow Andriej,,False
Pleśnar Adam,Pleśnar,Adam,1935-02-17T00:00:00Z,2013-03-09T00:00:00Z,https://www.wikidata.org/wiki/Q860918,,,https://www.wikidata.org/wiki/Q8441,https://www.wikidata.org/wiki/Q11684354,http://viaf.org/viaf/261588214,823,CZ_articles;PL_BN_books,,,,,,,False
Sobierajski Marian,Sobierajski,Marian,,,,,,,,http://viaf.org/viaf/101823107,824,PL_BN_books,,,,,,,False
Płomyk Tadeusz,Płomyk,Tadeusz,,,,,,,,http://viaf.org/viaf/303417266,825,PL_BN_books,,,,,,,False
Płoski Józef,Płoski,Józef,,,,,,,,http://viaf.org/viaf/89369458,826,PL_BN_books,,,,,,,False
Pobóg- Malinowski Władysław,Pobóg- Malinowski,Władysław,1899-01-01T00:00:00Z,1962-01-01T00:00:00Z,https://www.wikidata.org/wiki/Q201788|https://www.wikidata.org/wiki/Q36180|https://www.wikidata.org/wiki/Q4002659,https://www.wikidata.org/wiki/Q1851,https://www.wikidata.org/wiki/Q71,https://www.wikidata.org/wiki/Q8441,https://www.wikidata.org/wiki/Q71737,http://viaf.org/viaf/735269,827,PL_BN_books,Julian Woyszwiłło,,,,,,False
Podbielski Jan,Podbielski,Jan,,,,,,,,http://viaf.org/viaf/3124147967353784200006,828,PL_BN_books,,,,,,,False
Podhoretz Norman,Podhoretz,Norman,1930-01-16T00:00:00Z,,https://www.wikidata.org/wiki/Q1930187|https://www.wikidata.org/wiki/Q1642960|https://www.wikidata.org/wiki/Q36180|https://www.wikidata.org/wiki/Q482980|https://www.wikidata.org/wiki/Q6051619,https://www.wikidata.org/wiki/Q991279,,https://www.wikidata.org/wiki/Q8441,https://www.wikidata.org/wiki/Q945011,http://viaf.org/viaf/3271796,829,PL_BN_books,,,,,Podhorec Norman,,False
Grabowski Tadeusz,Grabowski,Tadeusz,1927-11-01T00:00:00Z,2009-01-01T00:00:00Z,https://www.wikidata.org/wiki/Q1227195,https://www.wikidata.org/wiki/Q730929,,https://www.wikidata.org/wiki/Q8441,https://www.wikidata.org/wiki/Q55825423,http://viaf.org/viaf/167410701,83,PL_BN_books,,,,,,,False
Podolska Edyta,Podolska,Edyta,,,,,,,,http://viaf.org/viaf/300779651,830,PL_BN_books,,,,,,,False
Brandys Marian,Brandys,Marian,1912-01-25T00:00:00Z,1998-11-20T00:00:00Z,https://www.wikidata.org/wiki/Q1930187|https://www.wikidata.org/wiki/Q201788|https://www.wikidata.org/wiki/Q36180,https://www.wikidata.org/wiki/Q1721,https://www.wikidata.org/wiki/Q270,https://www.wikidata.org/wiki/Q8441,https://www.wikidata.org/wiki/Q4095817,http://viaf.org/viaf/54180833,831,CZ_articles;PL_BN_books,,,,,,,False
Pogodny Andrzej,Pogodny,Andrzej,,,,,,,,http://viaf.org/viaf/300924507,834,PL_BN_books,,,,,,,False
Pogorzelski Walery,Pogorzelski,Walery,,,,,,,,http://viaf.org/viaf/166944850,835,PL_BN_books,,,,,,,False
Polak Jan,Polak,Jan,,,https://www.wikidata.org/wiki/Q33999,,,https://www.wikidata.org/wiki/Q8441,https://www.wikidata.org/wiki/Q95881114,http://viaf.org/viaf/302139644,836,PL_BN_books,,,,,,,False
Polakowski Władysław,Polakowski,Władysław,,,,,,,,http://viaf.org/viaf/311120796,837,PL_BN_books,,,,,,,False
Polat Andrzej,Polat,Andrzej,,,,,,,,http://viaf.org/viaf/300623384,838,PL_BN_books,,,,,,,False
Poleski Tadeusz,Poleski,Tadeusz,,,,,,,,http://viaf.org/viaf/302100773,839,PL_BN_books,,,,,,,False
Grabski Ryszard,Grabski,Ryszard,,,,,,,,http://viaf.org/viaf/50674212,84,PL_BN_books,,,,,,,False
Polkowski Jan,Polkowski,Jan,1953-01-10T00:00:00Z,,https://www.wikidata.org/wiki/Q1930187|https://www.wikidata.org/wiki/Q49757,https://www.wikidata.org/wiki/Q858130,,https://www.wikidata.org/wiki/Q8441,https://www.wikidata.org/wiki/Q11718736,http://viaf.org/viaf/12715728,840,CZ_books;PL_BN_books,,,,,,,False
Pomeranc Grigorij,Pomeranc,Grigorij,1918-03-13T00:00:00Z,2013-02-16T00:00:00Z,https://www.wikidata.org/wiki/Q4964182,https://www.wikidata.org/wiki/Q216,https://www.wikidata.org/wiki/Q649,https://www.wikidata.org/wiki/Q8441,https://www.wikidata.org/wiki/Q562019,http://viaf.org/viaf/93318131,842,PL_BN_books,,,,,,,False
Pomian Grażyna,Pomian,Grażyna,1934-01-30T00:00:00Z,2019-04-22T00:00:00Z,https://www.wikidata.org/wiki/Q36180|https://www.wikidata.org/wiki/Q2306091,https://www.wikidata.org/wiki/Q580,https://www.wikidata.org/wiki/Q205592,https://www.wikidata.org/wiki/Q467,https://www.wikidata.org/wiki/Q73513714,http://viaf.org/viaf/51812092,843,PL_BN_books,Jadwiga Szadek,,,,Pomianowie Grażyna i Krzysztof,,False
Pomian Krzysztof,Pomian,Krzysztof,1934-01-25T00:00:00Z,,https://www.wikidata.org/wiki/Q3332711|https://www.wikidata.org/wiki/Q4964182|https://www.wikidata.org/wiki/Q201788|https://www.wikidata.org/wiki/Q36180,https://www.wikidata.org/wiki/Q270,,https://www.wikidata.org/wiki/Q8441,https://www.wikidata.org/wiki/Q2662619,http://viaf.org/viaf/111503240,844,CZ_articles;PL_BN_books,,,,,Pomianowie Grażyna i Krzysztof,,False
Popiełuszko Jerzy,Popiełuszko,Jerzy,1947-09-14T00:00:00Z,1984-10-19T00:00:00Z,https://www.wikidata.org/wiki/Q250867|https://www.wikidata.org/wiki/Q7886765,https://www.wikidata.org/wiki/Q5756175,https://www.wikidata.org/wiki/Q106681,https://www.wikidata.org/wiki/Q8441,https://www.wikidata.org/wiki/Q156277,http://viaf.org/viaf/89727493,846,CZ_articles;PL_BN_books,,,,,,,False
Popławski Adolf,Popławski,Adolf,1907-06-16T00:00:00Z,1982-08-02T00:00:00Z,,,,https://www.wikidata.org/wiki/Q8441,https://www.wikidata.org/wiki/Q20030354,http://viaf.org/viaf/73698973,847,PL_BN_books,,,,,,,False
Popławski Jan Ludwik,Popławski,Jan Ludwik,1854-01-17T00:00:00Z,1908-03-12T00:00:00Z,https://www.wikidata.org/wiki/Q82955|https://www.wikidata.org/wiki/Q1930187,https://www.wikidata.org/wiki/Q5004574,https://www.wikidata.org/wiki/Q270,https://www.wikidata.org/wiki/Q8441,https://www.wikidata.org/wiki/Q778968,http://viaf.org/viaf/3269419,848,PL_BN_books,Wiatr,,,,,,False
Popper Karl Raimund,Popper,Karl Raimund,1902-07-28T00:00:00Z,1994-09-17T00:00:00Z,https://www.wikidata.org/wiki/Q4964182|https://www.wikidata.org/wiki/Q36180|https://www.wikidata.org/wiki/Q2306091|https://www.wikidata.org/wiki/Q1622272|https://www.wikidata.org/wiki/Q16389557,https://www.wikidata.org/wiki/Q1741,https://www.wikidata.org/wiki/Q84,https://www.wikidata.org/wiki/Q8441,https://www.wikidata.org/wiki/Q81244,http://viaf.org/viaf/88801921,849,PL_BN_books,,,,,Popper Karl R.,,False
Grabski Stanisław,Grabski,Stanisław,1871-04-05T00:00:00Z,1949-05-06T00:00:00Z,https://www.wikidata.org/wiki/Q82955|https://www.wikidata.org/wiki/Q193391|https://www.wikidata.org/wiki/Q1227195,https://www.wikidata.org/wiki/Q4947035,https://www.wikidata.org/wiki/Q953198,https://www.wikidata.org/wiki/Q8441,https://www.wikidata.org/wiki/Q2327128,http://viaf.org/viaf/61586254,85,PL_BN_books,,,,,,,False
Poprzęcki Witold,Poprzęcki,Witold,,,,,,,,http://viaf.org/viaf/101938959,850,PL_BN_books,,,,,,,False
Poradowski Michał,Poradowski,Michał,1913-09-04T00:00:00Z,2003-06-16T00:00:00Z,,https://www.wikidata.org/wiki/Q7031279,https://www.wikidata.org/wiki/Q1799,https://www.wikidata.org/wiki/Q8441,https://www.wikidata.org/wiki/Q11779131,http://viaf.org/viaf/55545966,851,PL_BN_books,,,,,,,False
Portes Richard,Portes,Richard,1941-12-10T00:00:00Z,,https://www.wikidata.org/wiki/Q1227195,https://www.wikidata.org/wiki/Q1297,,https://www.wikidata.org/wiki/Q8441,https://www.wikidata.org/wiki/Q7328480,http://viaf.org/viaf/66527200,852,PL_BN_books,,,,,,,False
Potocki Cezary,Potocki,Cezary,,,,,,,,http://viaf.org/viaf/171152694,853,PL_BN_books,,,,,,,False
Potocki Mieczysław,Potocki,Mieczysław,1909-03-18T00:00:00Z,1989-11-11T00:00:00Z,https://www.wikidata.org/wiki/Q4002659,https://www.wikidata.org/wiki/Q985386,,https://www.wikidata.org/wiki/Q8441,https://www.wikidata.org/wiki/Q11779944,http://viaf.org/viaf/102289748,854,PL_BN_books,Kamień-Węgielny,,,,,,False
Powell Arthur Edward,Powell,Arthur Edward,1882-09-27T00:00:00Z,1969-03-20T00:00:00Z,https://www.wikidata.org/wiki/Q36180,https://www.wikidata.org/wiki/Q669171,https://www.wikidata.org/wiki/Q65,https://www.wikidata.org/wiki/Q8441,https://www.wikidata.org/wiki/Q3624264,http://viaf.org/viaf/77230697,855,PL_BN_books,,,,,Powell Arthur,,False
Pownall David,Pownall,David,1938-05-19T00:00:00Z,,https://www.wikidata.org/wiki/Q487596,https://www.wikidata.org/wiki/Q24826,,https://www.wikidata.org/wiki/Q8441,https://www.wikidata.org/wiki/Q5238686,http://viaf.org/viaf/17263752,856,PL_BN_books,,,,,,,False
Powój,Powój,,,,,,,,,http://viaf.org/viaf/162694877,857,PL_BN_books,,,,,,,False
Pożarski Paweł,Pożarski,Paweł,,,,,,,,http://viaf.org/viaf/166171275,858,PL_BN_books,,,,,,,False
Praktyk,Praktyk,,,,,,,,,http://viaf.org/viaf/165250294,859,PL_BN_books,,,,,,,False
Graham David,Graham,David,,,,,,,,http://viaf.org/viaf/94245722,86,PL_BN_books,,,,,,,False
Prawdzic- Szlaski Janusz,Prawdzic- Szlaski,Janusz,1902-05-18T00:00:00Z,1983-08-23T00:00:00Z,https://www.wikidata.org/wiki/Q4002659,https://www.wikidata.org/wiki/Q62937,https://www.wikidata.org/wiki/Q84,https://www.wikidata.org/wiki/Q8441,https://www.wikidata.org/wiki/Q21020314,http://viaf.org/viaf/165191221,861,PL_BN_books,,,,,,,False
Prorok Leszek,Prorok,Leszek,1919-04-28T00:00:00Z❦1919-01-01T00:00:00Z,1984-12-09T00:00:00Z❦1984-01-01T00:00:00Z,https://www.wikidata.org/wiki/Q36180,https://www.wikidata.org/wiki/Q270,,https://www.wikidata.org/wiki/Q8441,https://www.wikidata.org/wiki/Q11755074,http://viaf.org/viaf/93488332,863,PL_BN_books,,,,,,,False
Pruszyński Ksawery,Pruszyński,Ksawery,1907-12-04T00:00:00Z,1950-06-13T00:00:00Z,https://www.wikidata.org/wiki/Q1930187,https://www.wikidata.org/wiki/Q4123176,https://www.wikidata.org/wiki/Q2880,https://www.wikidata.org/wiki/Q8441,https://www.wikidata.org/wiki/Q6440709,http://viaf.org/viaf/3512768,866,PL_BN_books,,,,,,,False
Przemyk Grzegorz,Przemyk,Grzegorz,1964-05-17T00:00:00Z,1983-05-14T00:00:00Z,https://www.wikidata.org/wiki/Q48282|https://www.wikidata.org/wiki/Q49757,https://www.wikidata.org/wiki/Q270,https://www.wikidata.org/wiki/Q270,https://www.wikidata.org/wiki/Q8441,https://www.wikidata.org/wiki/Q3848196,http://viaf.org/viaf/37770146,867,CZ_articles;PL_BN_books,,,,,,,False
Przystawa Jerzy,Przystawa,Jerzy,1939-04-29T00:00:00Z,2012-11-03T00:00:00Z,https://www.wikidata.org/wiki/Q169470,https://www.wikidata.org/wiki/Q148473,https://www.wikidata.org/wiki/Q1799,https://www.wikidata.org/wiki/Q8441,https://www.wikidata.org/wiki/Q11725266,http://viaf.org/viaf/85508205,869,PL_BN_books,,,,,,,False
Clarke Peter,Clarke,Peter,,,,,,,,http://viaf.org/viaf/311303684,87,PL_BN_books,,,,,,,False
Puciata Paweł Mateusz,Puciata,Paweł Mateusz,1902-03-17T00:00:00Z,1980-04-20T00:00:00Z,https://www.wikidata.org/wiki/Q201788,https://www.wikidata.org/wiki/Q216,,https://www.wikidata.org/wiki/Q8441,https://www.wikidata.org/wiki/Q17362311,http://viaf.org/viaf/311120797,870,PL_BN_books,,,,,,,False
Pytka Ewa,Pytka,Ewa,1964-01-01T00:00:00Z,,https://www.wikidata.org/wiki/Q2526255,,,https://www.wikidata.org/wiki/Q467,https://www.wikidata.org/wiki/Q19267780,http://viaf.org/viaf/166364721,871,PL_BN_books,,,,,,,False
Pytlak Grażyna,Pytlak,Grażyna,,,,,,,,http://viaf.org/viaf/187359541,872,PL_BN_books,,,,,,,False
Raczyński Edward,Raczyński,Edward,1891-12-19T00:00:00Z,1993-07-30T00:00:00Z,https://www.wikidata.org/wiki/Q82955|https://www.wikidata.org/wiki/Q193391|https://www.wikidata.org/wiki/Q201788|https://www.wikidata.org/wiki/Q36180,https://www.wikidata.org/wiki/Q144786,https://www.wikidata.org/wiki/Q84,https://www.wikidata.org/wiki/Q8441,https://www.wikidata.org/wiki/Q55841,http://viaf.org/viaf/51729262,873,PL_BN_books,,,,,,,False
Żenczykowski Tadeusz,Żenczykowski,Tadeusz,1907-01-02T00:00:00Z,1997-03-30T00:00:00Z,https://www.wikidata.org/wiki/Q380075|https://www.wikidata.org/wiki/Q201788,https://www.wikidata.org/wiki/Q270,https://www.wikidata.org/wiki/Q84,https://www.wikidata.org/wiki/Q8441,https://www.wikidata.org/wiki/Q7674552,http://viaf.org/viaf/114474880,874,PL_BN_books,,,,,,,False
Radomski Ursyn,Radomski,Ursyn,,,,,,,,http://viaf.org/viaf/311120828,875,PL_BN_books,,,,,,,False
Radwan Marian,Radwan,Marian,1936-01-01T00:00:00Z,,https://www.wikidata.org/wiki/Q635734,,,https://www.wikidata.org/wiki/Q8441,https://www.wikidata.org/wiki/Q24429886,http://viaf.org/viaf/66543,876,PL_BN_books,,,,,,,False
Radwański Andrzej,Radwański,Andrzej,1957-03-18T00:00:00Z,,https://www.wikidata.org/wiki/Q23035816,https://www.wikidata.org/wiki/Q7281790,,https://www.wikidata.org/wiki/Q8441,https://www.wikidata.org/wiki/Q9154156,http://viaf.org/viaf/101743740,877,PL_BN_books,,,,,,,False
Radziewicz Julian,Radziewicz,Julian,1937-05-29T00:00:00Z,2007-08-04T00:00:00Z,https://www.wikidata.org/wiki/Q1231865,,,https://www.wikidata.org/wiki/Q8441,https://www.wikidata.org/wiki/Q11729097,http://viaf.org/viaf/81919186,878,PL_BN_books,,,,,,,False
Radziwiłł Anna,Radziwiłł,Anna,1939-04-20T00:00:00Z,2009-01-22T00:00:00Z,https://www.wikidata.org/wiki/Q201788,https://www.wikidata.org/wiki/Q7507460,https://www.wikidata.org/wiki/Q270,https://www.wikidata.org/wiki/Q467,https://www.wikidata.org/wiki/Q4767430,http://viaf.org/viaf/101720367,879,PL_BN_books,Anna Kwaśniewska|Antoni Kwaśniewski|Kwaśniewski Antoni,,,,,,False
Grajewski Andrzej,Grajewski,Andrzej,1953-10-08T00:00:00Z,,https://www.wikidata.org/wiki/Q1238570,https://www.wikidata.org/wiki/Q106583,,https://www.wikidata.org/wiki/Q8441,https://www.wikidata.org/wiki/Q11685890,http://viaf.org/viaf/4313982,88,PL_BN_books,,,,,,,False
Radźko Andrzej,Radźko,Andrzej,,,,,,,,http://viaf.org/viaf/164592801,880,PL_BN_books,,,,,,,False
Raina Peter,Raina,Peter,1935-01-01T00:00:00Z,,https://www.wikidata.org/wiki/Q17489339|https://www.wikidata.org/wiki/Q15980158|https://www.wikidata.org/wiki/Q9379869,,,https://www.wikidata.org/wiki/Q8441,https://www.wikidata.org/wiki/Q11815902,http://viaf.org/viaf/56624499,882,PL_BN_books,,,,,,,False
Rajski Marian,Rajski,Marian,1928,,,,,,,http://viaf.org/viaf/167381544,883,PL_BN_books,Piłka Stanisław,,,,Pitka Stanisław,,False
"Rakowski, Mieczysław Franciszek",Rakowski,Mieczysław Franciszek,1926-12-01T00:00:00Z,2008-11-08T00:00:00Z,https://www.wikidata.org/wiki/Q82955|https://www.wikidata.org/wiki/Q1930187|https://www.wikidata.org/wiki/Q36180|https://www.wikidata.org/wiki/Q201788,https://www.wikidata.org/wiki/Q6434952,https://www.wikidata.org/wiki/Q270,https://www.wikidata.org/wiki/Q8441,https://www.wikidata.org/wiki/Q559771,http://viaf.org/viaf/93190291,884,CZ_books;CZ_articles;PL_BN_books,,,,,,,False
Rand Ayn,Rand,Ayn,1905-02-02T00:00:00Z,1982-03-06T00:00:00Z,https://www.wikidata.org/wiki/Q487596|https://www.wikidata.org/wiki/Q1930187|https://www.wikidata.org/wiki/Q4263842|https://www.wikidata.org/wiki/Q4964182|https://www.wikidata.org/wiki/Q28389|https://www.wikidata.org/wiki/Q6625963|https://www.wikidata.org/wiki/Q11774202|https://www.wikidata.org/wiki/Q18844224,https://www.wikidata.org/wiki/Q656,https://www.wikidata.org/wiki/Q11299,https://www.wikidata.org/wiki/Q467,https://www.wikidata.org/wiki/Q132524,http://viaf.org/viaf/98139134,885,PL_BN_books,Ayn Rand,,,,,,False
Rapnicki Marek,Rapnicki,Marek,,,,,,,,http://viaf.org/viaf/165583824,886,PL_BN_books,,,,,,,False
Raschke Paweł,Raschke,Paweł,,,,,,,,http://viaf.org/viaf/23757407,887,PL_BN_books,,,,,,,False
Ratušinskaja Irina,Ratušinskaja,Irina,1954-03-04T00:00:00Z,2017-07-05T00:00:00Z,https://www.wikidata.org/wiki/Q49757|https://www.wikidata.org/wiki/Q36180|https://www.wikidata.org/wiki/Q28389,https://www.wikidata.org/wiki/Q1874,https://www.wikidata.org/wiki/Q649,https://www.wikidata.org/wiki/Q467,https://www.wikidata.org/wiki/Q4390845,http://viaf.org/viaf/22938720,888,PL_BN_books,,,,,Ratuszyńska Irena Ratuszinskaja Irina,,False
Realista Adam,Realista,Adam,,,,,,,,http://viaf.org/viaf/301497175,890,PL_BN_books,,,,,,,False
Redliński Edward,Redliński,Edward,1940-05-01T00:00:00Z,,https://www.wikidata.org/wiki/Q36180|https://www.wikidata.org/wiki/Q1930187|https://www.wikidata.org/wiki/Q487596|https://www.wikidata.org/wiki/Q6051619,,,https://www.wikidata.org/wiki/Q8441,https://www.wikidata.org/wiki/Q5345012,http://viaf.org/viaf/64043014,891,PL_BN_books,,,,,,,False
Reguła Jan Alfred,Reguła,Jan Alfred,1903-04-18T00:00:00Z,1947-01-01T00:00:00Z,https://www.wikidata.org/wiki/Q9352089,https://www.wikidata.org/wiki/Q983868,https://www.wikidata.org/wiki/Q1799,https://www.wikidata.org/wiki/Q8441,https://www.wikidata.org/wiki/Q11731021,http://viaf.org/viaf/55315542,892,PL_BN_books,,,,,,,False
Reiff Ryszard,Reiff,Ryszard,1923-07-04T00:00:00Z,2007-12-09T00:00:00Z,https://www.wikidata.org/wiki/Q82955,https://www.wikidata.org/wiki/Q270,https://www.wikidata.org/wiki/Q270,https://www.wikidata.org/wiki/Q8441,https://www.wikidata.org/wiki/Q7385414,http://viaf.org/viaf/37723393,893,PL_BN_books,,,,,,,False
Rejtan Lech,Rejtan,Lech,,,,,,,,http://viaf.org/viaf/13884656,894,PL_BN_books,,,,,,,False
Rembek Stanisław,Rembek,Stanisław,1901-07-06T00:00:00Z,1985-03-21T00:00:00Z,https://www.wikidata.org/wiki/Q201788|https://www.wikidata.org/wiki/Q2251335|https://www.wikidata.org/wiki/Q876864|https://www.wikidata.org/wiki/Q36180|https://www.wikidata.org/wiki/Q12144794|https://www.wikidata.org/wiki/Q974144|https://www.wikidata.org/wiki/Q901222|https://www.wikidata.org/wiki/Q4991371|https://www.wikidata.org/wiki/Q6625963,https://www.wikidata.org/wiki/Q580,https://www.wikidata.org/wiki/Q270,https://www.wikidata.org/wiki/Q8441,https://www.wikidata.org/wiki/Q9342924,http://viaf.org/viaf/30339749,895,PL_BN_books,,,,,,,False
Reński Edmund,Reński,Edmund,1912-10-21T00:00:00Z,1992-01-01T00:00:00Z,,https://www.wikidata.org/wiki/Q730929,https://www.wikidata.org/wiki/Q270,https://www.wikidata.org/wiki/Q8441,https://www.wikidata.org/wiki/Q100591014,http://viaf.org/viaf/5335780,896,PL_BN_books,Mielnicki Zenon|Mielnicki Ludwik,,,,,,False
Revel Jean- François,Revel,Jean- François,1924-01-19T00:00:00Z,2006-04-29T00:00:00Z❦2006-04-30T00:00:00Z,https://www.wikidata.org/wiki/Q4964182|https://www.wikidata.org/wiki/Q1930187|https://www.wikidata.org/wiki/Q36180|https://www.wikidata.org/wiki/Q1397808,https://www.wikidata.org/wiki/Q23482,https://www.wikidata.org/wiki/Q135104,https://www.wikidata.org/wiki/Q8441,https://www.wikidata.org/wiki/Q455421,http://viaf.org/viaf/68934958,897,PL_BN_books,,,,,,,False
Rinpoche Kalu,Rinpoche,Kalu,1905-01-01T00:00:00Z,1989-05-10T00:00:00Z,https://www.wikidata.org/wiki/Q191421,https://www.wikidata.org/wiki/Q125990,https://www.wikidata.org/wiki/Q125990,https://www.wikidata.org/wiki/Q8441,https://www.wikidata.org/wiki/Q770945,http://viaf.org/viaf/79028408,898,PL_BN_books,,,,,,,False
Ristic Marko,Ristic,Marko,1902-06-20T00:00:00Z❦1902-07-20T00:00:00Z,1984-07-20T00:00:00Z,https://www.wikidata.org/wiki/Q4263842|https://www.wikidata.org/wiki/Q15962340|https://www.wikidata.org/wiki/Q36180|https://www.wikidata.org/wiki/Q49757|https://www.wikidata.org/wiki/Q193391|https://www.wikidata.org/wiki/Q168559,https://www.wikidata.org/wiki/Q3711,,https://www.wikidata.org/wiki/Q8441,https://www.wikidata.org/wiki/Q455869,http://viaf.org/viaf/44322122,899,PL_BN_books,,,,,,,False
Robakiewicz Lech Z.,Robakiewicz,Lech Z.,,,,,,,,http://viaf.org/viaf/161842954,900,PL_BN_books,,,,,,,False
Rogowski Jan,Rogowski,Jan,1894-09-13T00:00:00Z,1980-03-28T00:00:00Z,https://www.wikidata.org/wiki/Q901402|https://www.wikidata.org/wiki/Q36180,https://www.wikidata.org/wiki/Q4338781,https://www.wikidata.org/wiki/Q588,https://www.wikidata.org/wiki/Q8441,https://www.wikidata.org/wiki/Q20900675,http://viaf.org/viaf/41420730,901,PL_BN_books,,,,,,,False
Lewandowski Janusz,Lewandowski,Janusz,1951-06-13T00:00:00Z,,https://www.wikidata.org/wiki/Q11513337|https://www.wikidata.org/wiki/Q82955|https://www.wikidata.org/wiki/Q1227195,https://www.wikidata.org/wiki/Q37333,,https://www.wikidata.org/wiki/Q8441,https://www.wikidata.org/wiki/Q519793,http://viaf.org/viaf/216218236,903,PL_BN_books,Branecki Jędrzej,,,,,,False
Romański Andrzej Korwin,Romański,Andrzej Korwin,,,,,,,,http://viaf.org/viaf/4224161999101844610003,905,PL_BN_books,,,,,,,False
Romaszewski Zbigniew,Romaszewski,Zbigniew,1940-01-02T00:00:00Z,2014-02-13T00:00:00Z,https://www.wikidata.org/wiki/Q7886765|https://www.wikidata.org/wiki/Q82955|https://www.wikidata.org/wiki/Q169470,https://www.wikidata.org/wiki/Q270,https://www.wikidata.org/wiki/Q270,https://www.wikidata.org/wiki/Q8441,https://www.wikidata.org/wiki/Q3845564,http://viaf.org/viaf/162023004,907,PL_BN_books,,,,,,,False
Branski Wincenty,Branski,Wincenty,,,,,,,,http://viaf.org/viaf/66313074,908,PL_BN_books,,,,,Briański Wincenty,,False
Rood Artur,Rood,Artur,,,,,,,,http://viaf.org/viaf/311120815,909,PL_BN_books,,,,,,,False
Greń Jerzy,Greń,Jerzy,,,,,,,,http://viaf.org/viaf/301156236,91,PL_BN_books,,,,,,,False
Röpke Wilhelm,Röpke,Wilhelm,1899-10-10T00:00:00Z,1966-02-12T00:00:00Z,https://www.wikidata.org/wiki/Q1622272|https://www.wikidata.org/wiki/Q1227195,https://www.wikidata.org/wiki/Q664377,https://www.wikidata.org/wiki/Q71,https://www.wikidata.org/wiki/Q8441,https://www.wikidata.org/wiki/Q62444,http://viaf.org/viaf/17304050,910,PL_BN_books,,,,,Roepke Wilhelm,,False
Rosen Corey,Rosen,Corey,,,,,,,,http://viaf.org/viaf/62969437,911,PL_BN_books,,,,,,,False
Quarrey Michael,Quarrey,Michael,,,,,,,,http://viaf.org/viaf/11317830,912,PL_BN_books,,,,,,,False
Rosen- Zawadzki Kazimierz,Rosen- Zawadzki,Kazimierz,1900-01-01T00:00:00Z,1990-01-25T00:00:00Z❦1990-01-01T00:00:00Z,https://www.wikidata.org/wiki/Q201788,https://www.wikidata.org/wiki/Q270,https://www.wikidata.org/wiki/Q270,https://www.wikidata.org/wiki/Q8441,https://www.wikidata.org/wiki/Q17362356,http://viaf.org/viaf/160407822,913,PL_BN_books,,,,,,,False
Rosenbusch Adam,Rosenbusch,Adam,,,,,,,,http://viaf.org/viaf/31839877,914,PL_BN_books,,,,,,,False
"Bratkowski, Piotr",,,1955-04-11T00:00:00Z,2021-09-28T00:00:00Z,https://www.wikidata.org/wiki/Q1930187|https://www.wikidata.org/wiki/Q49757,https://www.wikidata.org/wiki/Q270,https://www.wikidata.org/wiki/Q270,https://www.wikidata.org/wiki/Q8441,https://www.wikidata.org/wiki/Q11817325,http://viaf.org/viaf/166370114,915,PL_BezCenzury_books;PL_BezCenzury_articles,,,,,,,False
Rosenkreuzer Maurycy,Rosenkreuzer,Maurycy,,,,,,,,http://viaf.org/viaf/311120836,916,PL_BN_books,,,,,,,False
Rostworowski Henryk,Rostworowski,Henryk,1912-01-27T00:00:00Z,1984-08-31T00:00:00Z,,https://www.wikidata.org/wiki/Q2690632,https://www.wikidata.org/wiki/Q270,https://www.wikidata.org/wiki/Q8441,https://www.wikidata.org/wiki/Q9288668,http://viaf.org/viaf/162836517,917,PL_BN_books,,,,,,,False
Rostworowski Tomasz,Rostworowski,Tomasz,1904-11-09T00:00:00Z,1974-03-09T00:00:00Z,https://www.wikidata.org/wiki/Q1294626,https://www.wikidata.org/wiki/Q270,https://www.wikidata.org/wiki/Q580,https://www.wikidata.org/wiki/Q8441,https://www.wikidata.org/wiki/Q9359662,http://viaf.org/viaf/54562876,918,PL_BN_books,,,,,,,False
Roszkowski Wojciech,Roszkowski,Wojciech,,,,,,,,http://viaf.org/viaf/2782160364973363680001,919,PL_BN_books,Albert Andrzej,,,,,,False
Gricak Êvgen,Gricak,Êvgen,1926-08-09T00:00:00Z,2017-05-14T00:00:00Z,https://www.wikidata.org/wiki/Q82955,https://www.wikidata.org/wiki/Q4442524,https://www.wikidata.org/wiki/Q4478620,https://www.wikidata.org/wiki/Q8441,https://www.wikidata.org/wiki/Q12097846,http://viaf.org/viaf/70302106,92,PL_BN_books,,,,,Hryciak Jewhen,,False
Bratkowski Stefan,Bratkowski,Stefan,1934-11-22T00:00:00Z,2021-04-18T00:00:00Z,https://www.wikidata.org/wiki/Q1930187|https://www.wikidata.org/wiki/Q36180,https://www.wikidata.org/wiki/Q1799,https://www.wikidata.org/wiki/Q270,https://www.wikidata.org/wiki/Q8441,https://www.wikidata.org/wiki/Q9344896,http://viaf.org/viaf/101715978,920,CZ_articles;PL_BN_books,,,,,,,False
Roth Philip,Roth,Philip,1933-03-19T00:00:00Z,,https://www.wikidata.org/wiki/Q36180|https://www.wikidata.org/wiki/Q1622272|https://www.wikidata.org/wiki/Q482980|https://www.wikidata.org/wiki/Q28389|https://www.wikidata.org/wiki/Q6625963|https://www.wikidata.org/wiki/Q11774202|https://www.wikidata.org/wiki/Q18844224,https://www.wikidata.org/wiki/Q25395,https://www.wikidata.org/wiki/Q11299,https://www.wikidata.org/wiki/Q8441,https://www.wikidata.org/wiki/Q187019,http://viaf.org/viaf/100235370,921,PL_BezCenzury_articles;PL_BN_books,,,,,,,False
Rowecki Stefan,Rowecki,Stefan,1895-12-25T00:00:00Z,1944-08-02T00:00:00Z,https://www.wikidata.org/wiki/Q1930187|https://www.wikidata.org/wiki/Q4002659,https://www.wikidata.org/wiki/Q158004,https://www.wikidata.org/wiki/Q154498,https://www.wikidata.org/wiki/Q8441,https://www.wikidata.org/wiki/Q683515,http://viaf.org/viaf/30334495,922,PL_BN_books,,,,,,,False
Rozenfeld- Bożeński Aleksander,Rozenfeld- Bożeński,Aleksander,1941-06-30T00:00:00Z,,https://www.wikidata.org/wiki/Q1930187|https://www.wikidata.org/wiki/Q49757,https://www.wikidata.org/wiki/Q3544,,https://www.wikidata.org/wiki/Q8441,https://www.wikidata.org/wiki/Q9145961,http://viaf.org/viaf/101738284,923,PL_BN_books,,,,,,,False
Rożek Janusz,Rożek,Janusz,1921-12-18T00:00:00Z,2013-07-04T00:00:00Z,https://www.wikidata.org/wiki/Q131512,https://www.wikidata.org/wiki/Q37333,,https://www.wikidata.org/wiki/Q8441,https://www.wikidata.org/wiki/Q11720436,http://viaf.org/viaf/308734857,924,PL_BN_books,,,,,,,False
Rudnicki Adolf,Rudnicki,Adolf,1912-02-19T00:00:00Z❦1909-01-22T00:00:00Z,1990-11-14T00:00:00Z,https://www.wikidata.org/wiki/Q36180,https://www.wikidata.org/wiki/Q392988,https://www.wikidata.org/wiki/Q270,https://www.wikidata.org/wiki/Q8441,https://www.wikidata.org/wiki/Q2713071,http://viaf.org/viaf/51695459,925,PL_BN_books,,,,,,,False
Rudnicki Klemens,Rudnicki,Klemens,1897-03-28T00:00:00Z,1992-06-12T00:00:00Z,https://www.wikidata.org/wiki/Q4002659,https://www.wikidata.org/wiki/Q997359,https://www.wikidata.org/wiki/Q84,https://www.wikidata.org/wiki/Q8441,https://www.wikidata.org/wiki/Q11739986,http://viaf.org/viaf/101920301,926,PL_BN_books,,,,,,,False
Rudzka- Lorentz Czesława,Rudzka- Lorentz,Czesława,,,,,,,,http://viaf.org/viaf/164792177,927,PL_BN_books,,,,,,,False
Rudzki Bolesław,Rudzki,Bolesław,,,,,,,,http://viaf.org/viaf/44715923,928,PL_BN_books,,,,,,,False
Griot,Griot,,2000-01-01T00:00:00Z,,https://www.wikidata.org/wiki/Q177220,,,https://www.wikidata.org/wiki/Q8441,https://www.wikidata.org/wiki/Q1547005,http://viaf.org/viaf/163742003,93,PL_BN_books,,,,,,,False
Rutkowski Franciszek,Rutkowski,Franciszek,,,,,,,,http://viaf.org/viaf/302243358,930,PL_BN_books,,,,,,,False
Rutkowski Krzysztof,Rutkowski,Krzysztof,1953-11-21T00:00:00Z,,https://www.wikidata.org/wiki/Q1930187,,,https://www.wikidata.org/wiki/Q8441,https://www.wikidata.org/wiki/Q11749663,http://viaf.org/viaf/14786747,931,PL_BN_books,Mietkowski Andrzej,,,,Rutkowscy Krzysztof i Ewa,,False
Rybakov Vladimir,Rybakov,Vladimir,1947-09-29T00:00:00Z,2018-08-20T00:00:00Z,https://www.wikidata.org/wiki/Q1930187|https://www.wikidata.org/wiki/Q12144794,https://www.wikidata.org/wiki/Q193183,https://www.wikidata.org/wiki/Q268590,https://www.wikidata.org/wiki/Q8441,https://www.wikidata.org/wiki/Q4401407,http://viaf.org/viaf/29939819,932,PL_BN_books,,,,,Rybakow Władimir,,False
Rybałko Alicja,Rybałko,Alicja,1960-07-04T00:00:00Z,,https://www.wikidata.org/wiki/Q49757|https://www.wikidata.org/wiki/Q36180|https://www.wikidata.org/wiki/Q333634,https://www.wikidata.org/wiki/Q216,,https://www.wikidata.org/wiki/Q467,https://www.wikidata.org/wiki/Q9148218,http://viaf.org/viaf/101760004,933,PL_BN_books,,,,,,,False
Rybarski Roman,Rybarski,Roman,1887-07-03T00:00:00Z,1942-03-06T00:00:00Z,https://www.wikidata.org/wiki/Q1227195,https://www.wikidata.org/wiki/Q1281557,https://www.wikidata.org/wiki/Q7341,https://www.wikidata.org/wiki/Q8441,https://www.wikidata.org/wiki/Q7362165,http://viaf.org/viaf/42642412,934,PL_BN_books,,,,,,,False
Rybczyński Aleksander,Rybczyński,Aleksander,1955-01-01T00:00:00Z,,https://www.wikidata.org/wiki/Q49757,https://www.wikidata.org/wiki/Q158485,,https://www.wikidata.org/wiki/Q8441,https://www.wikidata.org/wiki/Q85859060,http://viaf.org/viaf/8851636,935,PL_BN_books,,,,,,,False
Rybicki Arkadiusz,Rybicki,Arkadiusz,1953-01-12T00:00:00Z,2010-04-10T00:00:00Z,https://www.wikidata.org/wiki/Q82955,https://www.wikidata.org/wiki/Q385,https://www.wikidata.org/wiki/Q1291708,https://www.wikidata.org/wiki/Q8441,https://www.wikidata.org/wiki/Q672518,http://viaf.org/viaf/112918129,936,PL_BN_books,Leopold Czesław C. L.|Leopold Czesław,,,,,,False
Wręga Antoni J.,Wręga,Antoni J.,,,,,,,,http://viaf.org/viaf/112918164,937,PL_BN_books,Lechicki Krzysztof,,,,,,False
Rybicki Bogusław,Rybicki,Bogusław,1940-02-01T00:00:00Z,,https://www.wikidata.org/wiki/Q2085381,https://www.wikidata.org/wiki/Q4721251,,https://www.wikidata.org/wiki/Q8441,https://www.wikidata.org/wiki/Q9175899,http://viaf.org/viaf/301810749,938,PL_BN_books,Topiłowski Krzysztof,,,,,,False
Rydz- Śmigły Edward,Rydz- Śmigły,Edward,1886-03-11T00:00:00Z,1941-12-02T00:00:00Z,https://www.wikidata.org/wiki/Q1028181|https://www.wikidata.org/wiki/Q49757|https://www.wikidata.org/wiki/Q36180|https://www.wikidata.org/wiki/Q82955|https://www.wikidata.org/wiki/Q4002659,https://www.wikidata.org/wiki/Q793424,https://www.wikidata.org/wiki/Q270,https://www.wikidata.org/wiki/Q8441,https://www.wikidata.org/wiki/Q295688,http://viaf.org/viaf/52488093,939,PL_BN_books,,,,,,,False
Grochola Wiesława,Grochola,Wiesława,1932,,,,,,,http://viaf.org/viaf/102054450,94,PL_BN_books,Droholik Wiesława,,,,,,False
"Pawlak, Antoni",Pawlak,Antoni,1935-07-13T00:00:00Z,,https://www.wikidata.org/wiki/Q487596|https://www.wikidata.org/wiki/Q49757|https://www.wikidata.org/wiki/Q11774202|https://www.wikidata.org/wiki/Q4263842,https://www.wikidata.org/wiki/Q270,,https://www.wikidata.org/wiki/Q8441,https://www.wikidata.org/wiki/Q1978646,http://viaf.org/viaf/93398803,940,CZ_books;PL_BN_books,,,,,,,False
Ryżko Stanisław,Ryżko,Stanisław,1910-12-04T00:00:00Z,1984-12-01T00:00:00Z,,,,https://www.wikidata.org/wiki/Q8441,https://www.wikidata.org/wiki/Q96060495,http://viaf.org/viaf/24150338,941,PL_BN_books,,,,,,,False
Sacharov Andrej Dmitrievi~5c,Sacharov,Andrej Dmitrievi~5c,1921-05-21T00:00:00Z,1989-12-14T00:00:00Z,https://www.wikidata.org/wiki/Q16742096|https://www.wikidata.org/wiki/Q169470|https://www.wikidata.org/wiki/Q1476215,https://www.wikidata.org/wiki/Q649,https://www.wikidata.org/wiki/Q649,https://www.wikidata.org/wiki/Q8441,https://www.wikidata.org/wiki/Q997,http://viaf.org/viaf/19684011,943,CZ_articles;PL_BN_books,,,,,Sacharow Andrej|Sacharow Andriej,,False
Sadecki Jerzy,Sadecki,Jerzy,1950-01-01T00:00:00Z,,https://www.wikidata.org/wiki/Q1930187,,,https://www.wikidata.org/wiki/Q8441,https://www.wikidata.org/wiki/Q11725352,http://viaf.org/viaf/39248334,944,PL_BN_books,Garden Marian,,,,,,False
"Pawlak, Antoni",Pawlak,Antoni,1940-02-24T00:00:00Z,1986-10-01T00:00:00Z,https://www.wikidata.org/wiki/Q49757|https://www.wikidata.org/wiki/Q36180,https://www.wikidata.org/wiki/Q90,https://www.wikidata.org/wiki/Q745059,https://www.wikidata.org/wiki/Q467,https://www.wikidata.org/wiki/Q9165571,http://viaf.org/viaf/51837430,945,CZ_books;CZ_articles;PL_BN_books,,,,,,,False
Sadūnaité Nijolé,Sadūnaité,Nijolé,1938-07-22T00:00:00Z,,https://www.wikidata.org/wiki/Q191808,https://www.wikidata.org/wiki/Q4115712,,https://www.wikidata.org/wiki/Q467,https://www.wikidata.org/wiki/Q16465742,http://viaf.org/viaf/101872780,948,PL_BN_books,,,,,,,False
Šalamov Varlam Tichonovič,Šalamov,Varlam Tichonovič,1907-06-18T00:00:00Z,1982-01-17T00:00:00Z,https://www.wikidata.org/wiki/Q1930187|https://www.wikidata.org/wiki/Q49757|https://www.wikidata.org/wiki/Q36180|https://www.wikidata.org/wiki/Q12144794,https://www.wikidata.org/wiki/Q1957,https://www.wikidata.org/wiki/Q649,https://www.wikidata.org/wiki/Q8441,https://www.wikidata.org/wiki/Q220816,http://viaf.org/viaf/97145969,949,PL_BN_books,,,,,Szałamow Warłam Szarłamow Warłam|Szałamow Warłam,,False
"Salij, Jacek",Salij,Jacek,1942-08-09T00:00:00Z,,https://www.wikidata.org/wiki/Q4964182,https://www.wikidata.org/wiki/Q7530,,https://www.wikidata.org/wiki/Q8441,https://www.wikidata.org/wiki/Q6110646,http://viaf.org/viaf/84224340,950,CZ_articles;PL_BN_books,,,,,,,False
Salmonowicz Stanisław,Salmonowicz,Stanisław,1931-01-01T00:00:00Z,,https://www.wikidata.org/wiki/Q201788,https://www.wikidata.org/wiki/Q140147,,https://www.wikidata.org/wiki/Q8441,https://www.wikidata.org/wiki/Q9342992,http://viaf.org/viaf/76358108,951,PL_BN_books,Antoni Nowosielski|Nowosielski Antoni,,,,,,False
Samarin Vladimir D.,Samarin,Vladimir D.,1913-03-02T00:00:00Z,1992-01-19T00:00:00Z,https://www.wikidata.org/wiki/Q1930187,https://www.wikidata.org/wiki/Q3118,,https://www.wikidata.org/wiki/Q8441,https://www.wikidata.org/wiki/Q23656526,http://viaf.org/viaf/161902430,952,PL_BN_books,,,,,Samarin Władimir,,False
Sanducci Konstanty,Sanducci,Konstanty,,,,,,,,http://viaf.org/viaf/49635993,953,PL_BN_books,,,,,,,False
Sarnecka Anna,Sarnecka,Anna,,,,,,,,http://viaf.org/viaf/301331110,956,PL_BN_books,,,,,,,False
Saski Karol,Saski,Karol,,,,,,,,http://viaf.org/viaf/301927011,958,PL_BN_books,,,,,,,True
Gross Jan Tomasz,Gross,Jan Tomasz,1947-08-01T00:00:00Z,,https://www.wikidata.org/wiki/Q1622272|https://www.wikidata.org/wiki/Q201788|https://www.wikidata.org/wiki/Q2306091|https://www.wikidata.org/wiki/Q17489339,https://www.wikidata.org/wiki/Q270,,https://www.wikidata.org/wiki/Q8441,https://www.wikidata.org/wiki/Q534080,http://viaf.org/viaf/44317114,96,PL_BN_books,,,,,Gross Jan T.,,False
Schroeder Artur,Schroeder,Artur,1881-04-13T00:00:00Z,1934-04-16T00:00:00Z,https://www.wikidata.org/wiki/Q36180|https://www.wikidata.org/wiki/Q1792450,https://www.wikidata.org/wiki/Q208473,https://www.wikidata.org/wiki/Q31487,https://www.wikidata.org/wiki/Q8441,https://www.wikidata.org/wiki/Q9160755,http://viaf.org/viaf/1148914,962,PL_BN_books,,,,,,,False
Schumacher Ernst Friedrich,Schumacher,Ernst Friedrich,1911-08-16T00:00:00Z,1977-09-04T00:00:00Z,https://www.wikidata.org/wiki/Q4964182|https://www.wikidata.org/wiki/Q2732142|https://www.wikidata.org/wiki/Q1227195,https://www.wikidata.org/wiki/Q586,https://www.wikidata.org/wiki/Q39,https://www.wikidata.org/wiki/Q8441,https://www.wikidata.org/wiki/Q76526,http://viaf.org/viaf/71397591,963,PL_BN_books,,,,,,,False
Schuré Édouard,Schuré,Édouard,1841-01-21T00:00:00Z,1929-04-07T00:00:00Z,https://www.wikidata.org/wiki/Q1350157|https://www.wikidata.org/wiki/Q4263842|https://www.wikidata.org/wiki/Q4964182|https://www.wikidata.org/wiki/Q49757|https://www.wikidata.org/wiki/Q36180|https://www.wikidata.org/wiki/Q14915627,https://www.wikidata.org/wiki/Q6602,https://www.wikidata.org/wiki/Q90,https://www.wikidata.org/wiki/Q8441,https://www.wikidata.org/wiki/Q274447,http://viaf.org/viaf/2476880,964,PL_BN_books,,,,,,,False
Scruton Roger,Scruton,Roger,1944-02-27T00:00:00Z,2020-01-12T00:00:00Z,https://www.wikidata.org/wiki/Q4964182,https://www.wikidata.org/wiki/Q2180099,https://www.wikidata.org/wiki/Q4577318,https://www.wikidata.org/wiki/Q8441,https://www.wikidata.org/wiki/Q445939,http://viaf.org/viaf/99557480,965,PL_BN_books,,,,,,,False
Sédir Paul,Sédir,Paul,1871-01-02T00:00:00Z,1926-02-03T00:00:00Z,https://www.wikidata.org/wiki/Q1930187|https://www.wikidata.org/wiki/Q59325804,https://www.wikidata.org/wiki/Q201311,https://www.wikidata.org/wiki/Q90,https://www.wikidata.org/wiki/Q8441,https://www.wikidata.org/wiki/Q1956102,http://viaf.org/viaf/24607968,966,PL_BN_books,Debeo|Paul Sédir|Édir|Sédir,,,,,,False
"Seifert, Jaroslav",,,1901-09-23T00:00:00Z,,https://www.wikidata.org/wiki/Q1930187|https://www.wikidata.org/wiki/Q49757|https://www.wikidata.org/wiki/Q36180|https://www.wikidata.org/wiki/Q333634|https://www.wikidata.org/wiki/Q11774202|https://www.wikidata.org/wiki/Q6051619,https://www.wikidata.org/wiki/Q378120,https://www.wikidata.org/wiki/Q1085,https://www.wikidata.org/wiki/Q8441,https://www.wikidata.org/wiki/Q102483,http://viaf.org/viaf/12317734,967,PL_BezCenzury_books;PL_BezCenzury_articles,,,,,,,False
Semin Leonid,Semin,Leonid,1923-02-06T00:00:00Z,1980-02-17T00:00:00Z,https://www.wikidata.org/wiki/Q36180,https://www.wikidata.org/wiki/Q196458,https://www.wikidata.org/wiki/Q656,https://www.wikidata.org/wiki/Q8441,https://www.wikidata.org/wiki/Q26769460,http://viaf.org/viaf/318144647673359901292,968,PL_BN_books,,,,,Siomin Leonid,,False
Serebrjakova Galina Iosifovna,Serebrjakova,Galina Iosifovna,1906-01-02T00:00:00Z,1980-06-30T00:00:00Z,https://www.wikidata.org/wiki/Q1930187|https://www.wikidata.org/wiki/Q36180,https://www.wikidata.org/wiki/Q1899,https://www.wikidata.org/wiki/Q649,https://www.wikidata.org/wiki/Q467,https://www.wikidata.org/wiki/Q1492109,http://viaf.org/viaf/55161371,969,PL_BN_books,,,,,Sieriebriakowa Galina,,False
Šestov Lev,Šestov,Lev,1866-02-12T00:00:00Z,1938-11-19T00:00:00Z,https://www.wikidata.org/wiki/Q1622272|https://www.wikidata.org/wiki/Q4964182|https://www.wikidata.org/wiki/Q13570226|https://www.wikidata.org/wiki/Q36180,https://www.wikidata.org/wiki/Q1899,https://www.wikidata.org/wiki/Q90,https://www.wikidata.org/wiki/Q8441,https://www.wikidata.org/wiki/Q314189,http://viaf.org/viaf/36916319,970,PL_BN_books,,,,['Švarcman Lev Isaakovič'],Szestow Lew,,False
Ševčenko Arkadij Nikolaevič,Ševčenko,Arkadij Nikolaevič,1930-10-11T00:00:00Z,1998-02-28T00:00:00Z,https://www.wikidata.org/wiki/Q82955|https://www.wikidata.org/wiki/Q193391|https://www.wikidata.org/wiki/Q9352089,https://www.wikidata.org/wiki/Q157260,https://www.wikidata.org/wiki/Q61,https://www.wikidata.org/wiki/Q8441,https://www.wikidata.org/wiki/Q2668698,http://viaf.org/viaf/101908982,971,PL_BN_books,,,,,Szewczenko Arkadij N.,,False
Sevela Efraim,Sevela,Efraim,1928-03-08T00:00:00Z,2010-08-18T00:00:00Z❦2010-08-19T00:00:00Z,https://www.wikidata.org/wiki/Q1930187|https://www.wikidata.org/wiki/Q36180|https://www.wikidata.org/wiki/Q2526255|https://www.wikidata.org/wiki/Q482980|https://www.wikidata.org/wiki/Q28389,https://www.wikidata.org/wiki/Q207294,https://www.wikidata.org/wiki/Q649,https://www.wikidata.org/wiki/Q8441,https://www.wikidata.org/wiki/Q515606,http://viaf.org/viaf/76322845,972,PL_BN_books,Эфраим Севела|אפרים סבלה,,,,,,False
Seyda Marian,Seyda,Marian,1879-07-07T00:00:00Z,1967-05-17T00:00:00Z,https://www.wikidata.org/wiki/Q82955|https://www.wikidata.org/wiki/Q1930187,https://www.wikidata.org/wiki/Q268,https://www.wikidata.org/wiki/Q1486,https://www.wikidata.org/wiki/Q8441,https://www.wikidata.org/wiki/Q1723227,http://viaf.org/viaf/113221883,973,PL_BN_books,,,,,,,False
Sęk Jan,Sęk,Jan,1948-06-14T00:00:00Z,,https://www.wikidata.org/wiki/Q82955,https://www.wikidata.org/wiki/Q7286797,,https://www.wikidata.org/wiki/Q8441,https://www.wikidata.org/wiki/Q11719226,http://viaf.org/viaf/137145601962901321963,974,PL_BN_books,,,,,,,False
Sharp Gene,Sharp,Gene,1928-01-21T00:00:00Z,2018-01-28T00:00:00Z,https://www.wikidata.org/wiki/Q4964182|https://www.wikidata.org/wiki/Q36180|https://www.wikidata.org/wiki/Q2306091|https://www.wikidata.org/wiki/Q1238570|https://www.wikidata.org/wiki/Q1622272,https://www.wikidata.org/wiki/Q2599127,https://www.wikidata.org/wiki/Q100,https://www.wikidata.org/wiki/Q8441,https://www.wikidata.org/wiki/Q263681,http://viaf.org/viaf/79096275,975,PL_BN_books,,,,,,,False
Siedlecki Julian,Siedlecki,Julian,,,,,,,,http://viaf.org/viaf/27223187,977,PL_BN_books,,,,,,,False
Siemaszkiewicz Eugenia,Siemaszkiewicz,Eugenia,1932-08-01T00:00:00Z,2014-10-19T00:00:00Z,,,,https://www.wikidata.org/wiki/Q467,https://www.wikidata.org/wiki/Q9255816,http://viaf.org/viaf/101800178,978,PL_BN_books,,,,,,,False
Siemaszko Zbigniew Sebastian,Siemaszko,Zbigniew Sebastian,1923-10-28T00:00:00Z,2021-02-02T00:00:00Z,,,https://www.wikidata.org/wiki/Q84,https://www.wikidata.org/wiki/Q8441,https://www.wikidata.org/wiki/Q19758456,http://viaf.org/viaf/101740228,979,PL_BN_books,,,,,Siemaszko Zbigniew S.,,False
Grotowicz Wiktor,Grotowicz,Wiktor,,,,,,,,http://viaf.org/viaf/17640062,98,PL_BN_books,,,,,,,False
Siewierski Henryk,Siewierski,Henryk,1951-02-10T00:00:00Z,,https://www.wikidata.org/wiki/Q2251335|https://www.wikidata.org/wiki/Q212238|https://www.wikidata.org/wiki/Q36180,https://www.wikidata.org/wiki/Q1799,,https://www.wikidata.org/wiki/Q8441,https://www.wikidata.org/wiki/Q10294941,http://viaf.org/viaf/49246118,981,PL_BN_books,,,,,,,False
Šifrin Avraam,Šifrin,Avraam,1923-10-08T00:00:00Z,1998-03-05T00:00:00Z,https://www.wikidata.org/wiki/Q82955|https://www.wikidata.org/wiki/Q1476215|https://www.wikidata.org/wiki/Q18939491|https://www.wikidata.org/wiki/Q185351,https://www.wikidata.org/wiki/Q2280,https://www.wikidata.org/wiki/Q1218,https://www.wikidata.org/wiki/Q8441,https://www.wikidata.org/wiki/Q19876465,http://viaf.org/viaf/57157426,982,PL_BN_books,,,,,Shifrin Avraham|Szyfrin Abraham,,False
Sigda Józef,Sigda,Józef,,,,,,,,http://viaf.org/viaf/311120860,983,PL_BN_books,,,,,,,False
"Sikorska, Grażyna",Sikorska,Grażyna,,,,,,,,http://viaf.org/viaf/21101559,984,CZ_books;PL_BN_books,,,,,,,False
"Beneš, Edvard",Beneš,Edvard,1881-05-20T00:00:00Z❦1881-03-20T00:00:00Z,1943-07-04T00:00:00Z,https://www.wikidata.org/wiki/Q82955|https://www.wikidata.org/wiki/Q47064,https://www.wikidata.org/wiki/Q2684637,https://www.wikidata.org/wiki/Q1410,https://www.wikidata.org/wiki/Q8441,https://www.wikidata.org/wiki/Q153132,http://viaf.org/viaf/17265702,985,CZ_articles;PL_BN_books,Karol Pomorski,,,,,,False
Silone Ignazio,Silone,Ignazio,1900-05-01T00:00:00Z,1978-08-22T00:00:00Z,https://www.wikidata.org/wiki/Q487596|https://www.wikidata.org/wiki/Q1930187|https://www.wikidata.org/wiki/Q36180|https://www.wikidata.org/wiki/Q82955|https://www.wikidata.org/wiki/Q6625963,https://www.wikidata.org/wiki/Q50122,https://www.wikidata.org/wiki/Q71,https://www.wikidata.org/wiki/Q8441,https://www.wikidata.org/wiki/Q168431,http://viaf.org/viaf/22148851,986,PL_BN_books,Ignazio Silone,,,,,,False
Siła- Nowicki Władysław,Siła- Nowicki,Władysław,1913-06-22T00:00:00Z,1994-02-25T00:00:00Z,https://www.wikidata.org/wiki/Q82955,https://www.wikidata.org/wiki/Q270,https://www.wikidata.org/wiki/Q270,https://www.wikidata.org/wiki/Q8441,https://www.wikidata.org/wiki/Q4419083,http://viaf.org/viaf/72334549,987,PL_BN_books,,,,,,,False
Šimečka Milan,Šimečka,Milan,1930-03-06T00:00:00Z,1990-09-24T00:00:00Z,https://www.wikidata.org/wiki/Q4964182|https://www.wikidata.org/wiki/Q15958642|https://www.wikidata.org/wiki/Q36180|https://www.wikidata.org/wiki/Q4263842,https://www.wikidata.org/wiki/Q890949,https://www.wikidata.org/wiki/Q1085,https://www.wikidata.org/wiki/Q8441,https://www.wikidata.org/wiki/Q3565654,http://viaf.org/viaf/49231683,988,PL_BN_books,,,,,,,False
Sipowicz Kamil,Sipowicz,Kamil,1953-07-23T00:00:00Z,,https://www.wikidata.org/wiki/Q49757|https://www.wikidata.org/wiki/Q1028181,https://www.wikidata.org/wiki/Q745059,,https://www.wikidata.org/wiki/Q8441,https://www.wikidata.org/wiki/Q11734536,http://viaf.org/viaf/44718305,990,PL_BN_books,,,,,,,False
Siwek Anna,Siwek,Anna,,,,,,,,http://viaf.org/viaf/64418046,991,PL_BN_books,,,,,,,False
Siwiec Wit,Siwiec,Wit,,,,,,,,http://viaf.org/viaf/311120800,992,PL_BN_books,,,,,,,False
Sjetost A. A.,Sjetost,A. A.,,,,,,,,http://viaf.org/viaf/302580896,993,PL_BN_books,,,,,,,False
Skalski Ernest,Skalski,Ernest,1935-01-18T00:00:00Z,,https://www.wikidata.org/wiki/Q1930187,https://www.wikidata.org/wiki/Q270,,https://www.wikidata.org/wiki/Q8441,https://www.wikidata.org/wiki/Q9254687,http://viaf.org/viaf/62974046,995,PL_BN_books,Delta,,,,,,False
Solženicyn Aleksandr Isaevič,Solženicyn,Aleksandr Isaevič,1918-01-01T00:00:00Z❦1918-12-11T00:00:00Z,2008-08-03T00:00:00Z❦2008-01-01T00:00:00Z,https://www.wikidata.org/wiki/Q487596|https://www.wikidata.org/wiki/Q201788|https://www.wikidata.org/wiki/Q47064|https://www.wikidata.org/wiki/Q17010072|https://www.wikidata.org/wiki/Q2251335|https://www.wikidata.org/wiki/Q49757|https://www.wikidata.org/wiki/Q36180|https://www.wikidata.org/wiki/Q12144794|https://www.wikidata.org/wiki/Q662729|https://www.wikidata.org/wiki/Q28389|https://www.wikidata.org/wiki/Q6625963|https://www.wikidata.org/wiki/Q6051619,https://www.wikidata.org/wiki/Q153676,https://www.wikidata.org/wiki/Q649,https://www.wikidata.org/wiki/Q8441,https://www.wikidata.org/wiki/Q34474,http://viaf.org/viaf/95215697,997,PL_BN_books,,,,,Sołżenicyn Aleksander,,False
Anderson Richard D.,Anderson,Richard D.,,,,,,,,http://viaf.org/viaf/85244167,998,PL_BN_books,,,,,,,False
Skaradziński Bohdan,Skaradziński,Bohdan,,,,,,,,http://viaf.org/viaf/421159233933003370387,999,PL_BN_books,Brzoza Jan|Podlaski Kazimierz,,,,,,False
